2.2204e-016	8.6	30	2.2204e-016	296	15	99.8931	0.1	2.2204e-016	107	0.53782	5	298	2.2204e-016	2.2204e-016	2.2204e-016	4.4409e-016	2.2204e-016
1	8.5987	29.9425	2.2204e-016	296.0062	14.9784	99.435	0.11074	3.421e-006	106.9734	0.54424	4.9954	298.0002	0.068945	2.2204e-016	2.2221e-016	0.001	2.2204e-016
2	8.5965	29.89	2.2204e-016	296.0075	14.9541	99.4964	0.12263	7.0838e-006	106.9467	0.51622	4.9903	298.0008	0.14524	2.2204e-016	5.0496e-006	0.020828	2.2204e-016
3	8.5943	29.8475	2.2204e-016	296.0087	14.9267	99.7605	0.13578	1.1018e-005	106.9201	0.62127	4.9907	298.0005	0.22964	2.2204e-016	5.386e-006	0.052089	2.2204e-016
4	8.5925	29.815	2.2204e-016	296.0075	14.8961	99.6209	0.15035	1.5258e-005	106.8935	0.59587	4.9909	297.999	0.32306	2.2204e-016	4.5984e-006	0.0001	2.2204e-016
5	8.5913	29.7725	2.2204e-016	296.0062	14.8617	99.4798	0.16647	1.9845e-005	106.8669	0.4627	4.9896	298.0013	0.42645	2.2204e-016	6.1453e-006	0.0001	2.2204e-016
6	8.5895	29.735	2.2204e-016	296.0025	14.8233	99.8471	0.18431	2.4821e-005	106.8403	0.59299	4.9893	298.0043	0.54085	2.2204e-016	7.3883e-006	0.42733	2.2204e-016
7	8.5882	29.7025	2.2204e-016	296.0012	14.7804	99.7196	0.20406	3.0237e-005	106.8137	0.54849	4.9898	297.9905	0.66743	2.2204e-016	7.4785e-006	0.55453	2.2204e-016
8	8.587	29.675	2.2204e-016	295.9975	14.7325	99.4503	0.22591	3.6146e-005	106.7871	0.63427	4.9894	297.9737	0.80745	2.2204e-016	8.0034e-006	0.0001	2.2204e-016
9	8.5857	29.6575	2.2204e-016	295.9937	14.6791	99.6408	0.25009	4.261e-005	106.7606	0.55914	4.9887	297.9792	0.96234	2.2204e-016	9.1695e-006	0.0001	2.2204e-016
10	8.585	29.635	2.2204e-016	295.9875	14.6195	99.2198	0.27684	4.9698e-005	106.734	0.52908	4.9883	297.9858	1.1337	2.2204e-016	9.9851e-006	0.0001	2.2204e-016
11	8.5847	29.6225	2.2204e-016	295.9838	14.5533	99.7076	0.30645	5.7486e-005	106.7075	0.55689	4.9876	297.9934	1.3233	2.2204e-016	1.096e-005	0.0001	2.2204e-016
12	8.5845	29.615	2.2204e-016	295.9825	14.4795	99.287	0.33922	6.6061e-005	106.6809	0.66107	4.9868	298.0024	1.5331	2.2204e-016	1.1888e-005	0.0001	2.2204e-016
13	8.5843	29.6175	2.2204e-016	295.9837	14.3976	99.3384	0.37547	7.5523e-005	106.6544	0.54279	4.9856	298.0127	1.7651	2.2204e-016	1.2923e-005	0.87838	2.2204e-016
14	8.5835	29.615	2.2204e-016	295.9825	14.3065	99.2195	0.41556	8.598e-005	106.6278	0.40726	4.984	297.9942	2.0216	2.2204e-016	1.4458e-005	2.3904	2.2204e-016
15	8.5833	29.6175	2.2204e-016	295.9862	14.2055	98.916	0.45984	9.7559e-005	106.6013	0.44308	4.9825	297.9456	2.3049	2.2204e-016	1.6324e-005	0.0001	2.2204e-016
16	8.582	29.63	2.2204e-016	295.9875	14.0935	99.1201	0.50877	0.0001104	106.5749	0.4998	4.9813	297.961	2.6178	2.2204e-016	1.7989e-005	0.0001	2.2204e-016
17	8.5813	29.6325	2.2204e-016	295.9887	13.9692	98.929	0.56288	0.00012466	106.5484	0.48589	4.9798	297.9784	2.9637	2.2204e-016	1.9679e-005	2.6382	2.2204e-016
18	8.581	29.64	2.2204e-016	295.9925	13.8315	98.5679	0.62263	0.00014054	106.522	0.531	4.978	297.9317	3.3457	2.2204e-016	2.2124e-005	0.0001	2.2204e-016
19	8.5813	29.6525	2.2204e-016	295.9937	13.6791	98.6025	0.68863	0.00015823	106.4956	0.56319	4.9765	297.9539	3.7675	2.2204e-016	2.4493e-005	0.0001	2.2204e-016
20	8.581	29.675	2.2204e-016	295.99	13.5102	98.2028	0.76157	0.00017799	106.4692	0.55476	4.9749	297.979	4.2335	2.2204e-016	2.6882e-005	2.9689	2.2204e-016
21	8.5805	29.705	2.2204e-016	295.99	13.3233	98.1939	0.84208	0.0002001	106.4428	0.50917	4.973	297.9348	4.7478	2.2204e-016	2.9585e-005	0.0001	2.2204e-016
22	8.581	29.74	2.2204e-016	295.9925	13.1167	97.7994	0.93093	0.00022489	106.4164	0.59909	4.9707	297.9663	5.3152	2.2204e-016	3.2718e-005	0.0001	2.2204e-016
23	8.581	29.77	2.2204e-016	295.995	12.8881	97.7568	1.0291	0.00025276	106.39	0.68575	4.9684	298.0016	5.9416	2.2204e-016	3.6054e-005	6.3127	2.2204e-016
24	8.5815	29.795	2.2204e-016	296	12.6358	97.6125	1.1372	0.00028415	106.3636	0.63075	4.9657	297.9194	6.6318	2.2204e-016	3.9593e-005	3.5586	2.2204e-016
25	8.582	29.83	2.2204e-016	296.0075	12.3576	97.5995	1.2562	0.0003196	106.3373	0.60111	4.9628	297.8818	7.3911	2.2204e-016	4.3587e-005	0.0001	2.2204e-016
26	8.5825	29.87	2.2204e-016	296.015	12.0508	97.1191	1.3872	0.00035976	106.311	0.69465	4.9596	297.9308	8.2272	2.2204e-016	4.7631e-005	0.0001	2.2204e-016
27	8.583	29.915	2.2204e-016	296.025	11.7122	96.7193	1.5317	0.0004054	106.2847	0.68963	4.9557	297.9853	9.1487	2.2204e-016	5.2531e-005	4.188	2.2204e-016
28	8.5835	29.95	2.2204e-016	296.0325	11.3392	96.5488	1.6906	0.0004575	106.2583	0.74	4.9515	297.9538	10.1621	2.2204e-016	5.8261e-005	3.1532	2.2204e-016
29	8.584	29.98	2.2204e-016	296.0375	10.9291	96.0101	1.8652	0.0005172	106.232	0.77723	4.9476	297.9456	11.2749	2.2204e-016	6.3995e-005	0.0001	2.2204e-016
30	8.584	30.02	2.2204e-016	296.045	10.4779	95.7221	2.057	0.00058599	106.2057	0.64661	4.9434	298.0202	12.4974	2.2204e-016	7.0153e-005	0.0001	2.2204e-016
31	8.5845	30.055	2.2204e-016	296.0525	9.9816	95.6949	2.2678	0.00066574	106.1792	0.85186	4.9386	298.1029	13.8405	2.2204e-016	7.6814e-005	18.0867	2.2204e-016
32	8.585	30.08	2.2204e-016	296.0575	9.4382	95.0321	2.4983	0.00075888	106.1528	0.86504	4.9335	297.9471	15.309	2.2204e-016	8.4597e-005	21.8558	2.2204e-016
33	8.5855	30.1	2.2204e-016	296.0575	8.8464	94.4317	2.7491	0.0008685	106.1267	0.84697	4.9292	297.7742	16.9058	2.2204e-016	9.2527e-005	0.0001	2.2204e-016
34	8.5865	30.13	2.2204e-016	296.0575	8.2009	94.0481	3.0222	0.00099877	106.1007	0.95715	4.925	297.8859	18.6448	2.2204e-016	0.00010021	0.0001	2.2204e-016
35	8.5875	30.16	2.2204e-016	296.055	7.4963	93.417	3.3201	0.0011556	106.0745	0.98609	4.9197	298.0091	20.5409	2.2204e-016	0.00010873	24.4735	2.2204e-016
36	8.589	30.185	2.2204e-016	296.0525	6.7328	92.9035	3.6424	0.0013475	106.0483	1.0443	4.9144	297.8469	22.5919	2.2204e-016	0.00011856	11.8674	2.2204e-016
37	8.591	30.215	2.2204e-016	296.05	5.9113	92.4579	3.9885	0.001587	106.0223	0.97597	4.9106	297.8128	24.7943	2.2204e-016	0.00012817	0.0001	2.2204e-016
38	8.593	30.25	2.2204e-016	296.045	5.0299	91.8741	4.3593	0.0018938	105.9962	1.0744	4.9077	297.9762	27.1525	2.2204e-016	0.00013696	0.0001	2.2204e-016
39	8.5945	30.29	2.2204e-016	296.045	4.0919	91.4967	4.7529	0.0023022	105.9699	1.1303	4.9056	298.155	29.6557	2.2204e-016	0.00014626	30.7025	2.2204e-016
40	8.596	30.32	2.2204e-016	296.05	3.1162	91.4945	5.1608	0.0028753	105.9435	1.1687	4.9078	297.9982	32.2488	2.2204e-016	0.00015498	36.376	2.2204e-016
41	8.5975	30.345	2.2204e-016	296.0525	2.1391	91.2704	5.5665	0.0037453	105.9174	1.2783	4.9196	297.8252	34.8273	2.2204e-016	0.00015998	0.0001	2.2204e-016
42	8.5985	30.36	2.2204e-016	296.055	1.2222	92.0161	5.9421	0.0052445	105.8913	1.379	4.9486	298.0523	37.2144	2.2204e-016	0.00015778	0.0001	2.2204e-016
43	8.6005	30.375	2.2204e-016	296.0575	0.49044	94.2734	6.2313	0.0084534	105.8648	1.4499	5.0142	298.2929	39.0518	2.2204e-016	0.0001421	68.2488	2.2204e-016
44	8.6015	30.39	0.0448	296.06	0.089284	97.0308	6.3672	0.01775	105.8384	1.4521	5.1542	297.9521	39.915	2.2204e-016	9.4151e-005	59.513	2.2204e-016
45	8.603	30.4	0.04495	296.06	0.099761	96.8644	6.4256	0.033022	105.8572	1.4128	5.3074	297.6834	40.2859	1e-005	2.2204e-016	0.0001	2.2204e-016
46	8.604	30.405	0.0451	296.0575	0.10231	96.7285	6.4877	0.047408	105.8762	1.3486	5.2342	297.9376	40.6802	1e-005	2.2204e-016	4.4832	2.2204e-016
47	8.605	30.405	0.0453	296.0525	0.1035	96.5037	6.5502	0.061244	105.8949	1.4139	5.1713	298.0967	41.0779	2.6509e-006	6.0979e-005	67.5616	2.2204e-016
48	8.606	30.41	0.0455	296.0525	0.10378	96.784	6.6133	0.074621	105.914	1.4591	5.2427	297.7832	41.4784	5.9083e-006	1.4908e-005	18.4249	2.2204e-016
49	8.6065	30.41	0.0457	296.0575	0.10384	96.6024	6.6763	0.087618	105.9335	1.4461	5.2151	297.8011	41.8794	1e-005	2.2204e-016	0.0001	2.2204e-016
50	8.6065	30.405	0.0458	296.065	0.10428	96.6583	6.7392	0.10023	105.953	1.459	5.1545	298.0651	42.2794	4.5117e-006	1.6124e-005	28.8788	2.2204e-016
51	8.6055	30.4	0.04585	296.075	0.10453	96.5302	6.802	0.11247	105.9723	1.4117	5.1364	297.9953	42.6782	5.4007e-006	2.5345e-005	55.0641	2.2204e-016
52	8.604	30.4	0.0458	296.0825	0.10459	96.6741	6.8644	0.12436	105.9921	1.3686	5.1328	297.7655	43.0753	4.8984e-006	2.2204e-016	0.0001	2.2204e-016
53	8.603	30.4	0.0457	296.0925	0.10414	96.536	6.9264	0.13595	106.0116	1.469	5.0903	298.0369	43.4697	6.8383e-006	2.2204e-016	0.0001	2.2204e-016
54	8.6025	30.395	0.04555	296.1025	0.10333	96.4754	6.9877	0.14728	106.0306	1.5339	5.0491	298.3106	43.8603	1.2535e-006	2.4529e-005	80.2023	2.2204e-016
55	8.6025	30.39	0.0454	296.11	0.10246	96.3254	7.0482	0.15838	106.0496	1.4988	5.0517	297.9348	44.2452	3.3342e-006	2.2897e-005	62.7958	2.2204e-016
56	8.603	30.38	0.0453	296.1175	0.10161	96.3819	7.1078	0.16926	106.0689	1.537	5.0497	297.6767	44.6244	2.7148e-006	2.8001e-006	0.0001	2.2204e-016
57	8.603	30.375	0.0452	296.1225	0.10062	96.8587	7.1667	0.17993	106.0882	1.5117	5.022	297.9577	44.9992	3.7141e-006	1.5331e-005	12.641	2.2204e-016
58	8.603	30.36	0.04515	296.1275	0.099437	96.9099	7.2248	0.19041	106.107	1.5596	5.0106	298.0457	45.3695	2.2204e-016	2.546e-005	74.0866	2.2204e-016
59	8.6025	30.34	0.04515	296.13	0.098566	96.3636	7.2822	0.20071	106.1259	1.6087	5.0171	297.7294	45.7349	2.2204e-016	1.8705e-005	3.5915	2.2204e-016
60	8.6015	30.325	0.0452	296.13	0.097632	96.5047	7.3391	0.21082	106.145	1.4718	5.0153	297.9356	46.0973	2.2204e-016	1.2613e-005	0.0001	2.2204e-016
61	8.6005	30.31	0.04535	296.13	0.096589	96.5208	7.3956	0.22076	106.1636	1.4763	5.006	298.2254	46.4575	2.2204e-016	1.812e-005	67.5892	2.2204e-016
62	8.599	30.305	0.0455	296.1325	0.096366	96.4233	7.4516	0.23051	106.1824	1.49	5.0039	297.9364	46.8146	2.2204e-016	1.9402e-005	61.3812	2.2204e-016
63	8.5965	30.295	0.0456	296.1375	0.096642	96.7985	7.5073	0.24	106.2018	1.6274	5.0035	297.7016	47.1697	2.2204e-016	1.6555e-005	0.0001	2.2204e-016
64	8.5945	30.285	0.0457	296.145	0.09636	96.5557	7.5631	0.24925	106.2212	1.6184	4.9996	297.998	47.5252	2.2204e-016	1.7623e-005	9.596	2.2204e-016
65	8.592	30.275	0.04585	296.1525	0.095732	96.336	7.6188	0.25832	106.2404	1.5357	4.997	298.1331	47.8801	2.2204e-016	1.9385e-005	80.3867	2.2204e-016
66	8.59	30.265	0.04605	296.165	0.095711	96.2157	7.674	0.2672	106.2599	1.6101	4.9968	297.7954	48.2326	2.2204e-016	1.8612e-005	20.0065	2.2204e-016
67	8.588	30.255	0.0462	296.1775	0.095956	96.4241	7.7292	0.27585	106.2798	1.5187	4.9957	297.8412	48.5847	2.2204e-016	1.8575e-005	0.0001	2.2204e-016
68	8.5865	30.25	0.04635	296.1875	0.095618	96.3961	7.7846	0.2843	106.2996	1.5951	4.9944	298.1463	48.938	2.2204e-016	1.955e-005	44.3888	2.2204e-016
69	8.586	30.25	0.0465	296.1925	0.095359	96.134	7.8398	0.29259	106.3193	1.7405	4.9944	298.0092	49.2903	2.2204e-016	1.9829e-005	71.3037	2.2204e-016
70	8.586	30.25	0.0467	296.1925	0.095537	96.4722	7.8948	0.30069	106.3396	1.6087	4.9948	297.7336	49.6409	2.2204e-016	1.9856e-005	0.0001	2.2204e-016
71	8.587	30.245	0.047	296.1875	0.095512	96.3398	7.9498	0.30859	106.36	1.6677	4.9952	298.0451	49.9924	2.2204e-016	1.9936e-005	0.0001	2.2204e-016
72	8.5885	30.24	0.04735	296.185	0.095376	96.5336	8.0052	0.31633	106.3802	1.6585	4.9956	298.3587	50.3459	2.2204e-016	1.9947e-005	94.3157	2.2204e-016
73	8.589	30.235	0.0477	296.1825	0.09608	96.2481	8.0606	0.32387	106.4008	1.6305	4.9959	297.9518	50.6998	2.2204e-016	1.9757e-005	72.8386	2.2204e-016
74	8.589	30.23	0.0481	296.1775	0.097379	96.3511	8.1162	0.33114	106.4224	1.5875	4.996	297.6814	51.0548	2.2204e-016	1.9694e-005	0.0001	2.2204e-016
75	8.5885	30.23	0.04855	296.175	0.098348	96.1136	8.1725	0.33813	106.4443	1.5467	4.9956	298.0016	51.4146	2.2204e-016	1.996e-005	25.0767	2.2204e-016
76	8.587	30.235	0.0489	296.1725	0.099288	96.1991	8.2295	0.3449	106.4663	1.6462	4.9953	298.0192	51.7788	2.2204e-016	2.062e-005	89.2101	2.2204e-016
77	8.5855	30.235	0.04925	296.1725	0.10046	96.3824	8.2868	0.35143	106.489	1.6294	4.9956	297.673	52.1452	2.2204e-016	2.0928e-005	0.0001	2.2204e-016
78	8.584	30.245	0.04955	296.1725	0.10123	96.3809	8.3448	0.35774	106.512	1.6143	4.9961	297.9998	52.5155	2.2204e-016	2.0954e-005	0.0001	2.2204e-016
79	8.583	30.255	0.04975	296.1725	0.10125	96.1247	8.4033	0.36391	106.5348	1.7354	4.9963	298.3288	52.8898	2.2204e-016	2.1147e-005	98.6202	2.2204e-016
80	8.583	30.27	0.04985	296.1725	0.10148	96.5357	8.4617	0.36997	106.5578	1.6561	4.9967	297.9214	53.2635	2.2204e-016	2.1745e-005	69.5921	2.2204e-016
81	8.583	30.285	0.04985	296.17	0.10175	96.0653	8.5199	0.37591	106.5815	1.7238	4.9981	297.6851	53.6356	2.2204e-016	2.1932e-005	0.0001	2.2204e-016
82	8.584	30.29	0.0499	296.1625	0.10097	96.2819	8.578	0.38177	106.6051	1.7443	4.9996	298.021	54.0077	2.2204e-016	2.1525e-005	28.1525	2.2204e-016
83	8.586	30.305	0.05	296.1525	0.099998	96.0922	8.6359	0.38765	106.6284	1.7098	5.0008	298.0305	54.3776	2.2204e-016	2.1194e-005	90.3519	2.2204e-016
84	8.588	30.32	0.05015	296.1375	0.099724	95.9838	8.6931	0.3935	106.6522	1.7591	5.0018	297.6948	54.7439	2.2204e-016	2.1049e-005	0.0001	2.2204e-016
85	8.59	30.335	0.0503	296.12	0.099357	96.3362	8.7502	0.39927	106.676	1.8428	5.0027	298.0373	55.1097	2.2204e-016	2.0832e-005	0.0001	2.2204e-016
86	8.592	30.345	0.0504	296.1	0.098532	96.0497	8.8074	0.40503	106.6994	1.6649	5.0033	298.3818	55.4759	2.2204e-016	2.0748e-005	104.7452	2.2204e-016
87	8.594	30.355	0.0505	296.08	0.098183	95.9477	8.8641	0.41077	106.7229	1.7239	5.0041	297.9577	55.8391	2.2204e-016	2.0499e-005	77.3643	2.2204e-016
88	8.595	30.355	0.05065	296.0575	0.098313	95.9488	8.9203	0.41643	106.7472	1.7364	5.0047	297.6965	56.1995	2.2204e-016	2.0314e-005	0.0001	2.2204e-016
89	8.5955	30.355	0.0508	296.04	0.098041	96.0122	8.9767	0.422	106.7715	1.6873	5.005	298.0478	56.5603	2.2204e-016	2.0025e-005	34.3954	2.2204e-016
90	8.5965	30.35	0.05095	296.0275	0.097631	95.9399	9.0329	0.42754	106.7956	1.7836	5.005	298.0273	56.9208	2.2204e-016	1.9927e-005	99.4589	2.2204e-016
91	8.597	30.35	0.05105	296.0175	0.097763	95.9395	9.0888	0.43301	106.8203	1.8405	5.005	297.6673	57.279	2.2204e-016	1.9942e-005	0.0001	2.2204e-016
92	8.598	30.355	0.0512	296.0075	0.097402	95.876	9.1446	0.43841	106.8451	1.9335	5.0051	298.025	57.6372	2.2204e-016	1.9905e-005	0.0001	2.2204e-016
93	8.6	30.36	0.0513	296	0.096609	95.7208	9.2005	0.4438	106.8693	1.8926	5.0051	298.3847	57.9958	2.2204e-016	2.0108e-005	108.4263	2.2204e-016
94	8.6015	30.365	0.05145	295.9975	0.096276	95.8756	9.2559	0.44919	106.8937	1.8858	5.0055	297.9597	58.3514	2.2204e-016	2.0234e-005	78.7085	2.2204e-016
95	8.6025	30.365	0.0515	295.9975	0.096559	95.5986	9.311	0.4545	106.9188	1.7613	5.0063	297.7074	58.7046	2.2204e-016	1.9666e-005	0.0001	2.2204e-016
96	8.6045	30.37	0.0516	295.995	0.096011	95.8161	9.366	0.45974	106.9439	1.8795	5.0063	298.0736	59.0581	2.2204e-016	1.9153e-005	38.8159	2.2204e-016
97	8.6065	30.37	0.05165	295.9925	0.095391	95.8481	9.4209	0.465	106.9688	1.9128	5.0059	298.0377	59.41	2.2204e-016	1.9336e-005	104.5907	2.2204e-016
98	8.609	30.36	0.05165	295.9875	0.095158	95.8823	9.4751	0.47024	106.9941	1.839	5.0058	297.6695	59.7586	2.2204e-016	1.9273e-005	0.0001	2.2204e-016
99	8.612	30.345	0.05175	295.98	0.094374	95.9643	9.5292	0.47545	107.0194	1.8993	5.0058	298.042	60.1056	2.2204e-016	1.8858e-005	0.0001	2.2204e-016
100	8.6145	30.325	0.05195	295.97	0.09333	95.5885	9.583	0.48071	107.0441	1.7728	5.0054	298.4164	60.4517	2.2204e-016	1.869e-005	114.3323	2.2204e-016
101	8.6165	30.3	0.0522	295.965	0.093277	95.5717	9.6364	0.48597	107.069	1.9248	5.0049	297.9791	60.7949	2.2204e-016	1.8461e-005	84.2188	2.2204e-016
102	8.6175	30.28	0.0524	295.965	0.094003	96.1076	9.6897	0.4911	107.0949	1.7723	5.0043	297.7144	61.1371	2.2204e-016	1.8474e-005	0.0001	2.2204e-016
103	8.6175	30.25	0.0526	295.965	0.094123	96.1982	9.7432	0.4961	107.1208	1.793	5.0035	298.095	61.4815	2.2204e-016	1.8827e-005	44.6848	2.2204e-016
104	8.618	30.215	0.05275	295.9675	0.094075	95.8714	9.7969	0.50104	107.1466	1.8571	5.0031	298.0355	61.8266	2.2204e-016	1.9229e-005	111.9168	2.2204e-016
105	8.6185	30.175	0.0529	295.9725	0.094362	95.6003	9.8503	0.50592	107.173	1.8974	5.0032	297.6519	62.1702	2.2204e-016	1.9122e-005	0.0001	2.2204e-016
106	8.6195	30.14	0.053	295.975	0.094229	95.7728	9.9038	0.5107	107.1995	2.0367	5.0032	298.0388	62.5145	2.2204e-016	1.8822e-005	0.0001	2.2204e-016
107	8.621	30.1	0.05305	295.9775	0.093375	95.6853	9.9574	0.51551	107.2254	1.9688	5.0028	298.4275	62.8593	2.2204e-016	1.9292e-005	118.5117	2.2204e-016
108	8.6235	30.065	0.05305	295.9825	0.092875	95.2888	10.0104	0.52036	107.2514	1.9174	5.0032	297.9855	63.2007	2.2204e-016	1.9166e-005	86.9245	2.2204e-016
109	8.6255	30.03	0.0531	295.9825	0.092623	95.6452	10.0628	0.5252	107.278	1.9894	5.0038	297.7231	63.5383	2.2204e-016	1.8478e-005	0.0001	2.2204e-016
110	8.6265	30	0.05315	295.98	0.091945	95.5919	10.1151	0.53003	107.3046	1.9484	5.0035	298.118	63.8749	2.2204e-016	1.8263e-005	49.3796	2.2204e-016
111	8.6275	29.975	0.0532	295.9775	0.091191	95.681	10.167	0.5349	107.3309	1.9121	5.0031	298.0436	64.2093	2.2204e-016	1.8376e-005	117.2279	2.2204e-016
112	8.6275	29.94	0.0532	295.975	0.090949	95.6096	10.2183	0.53979	107.3576	1.9337	5.0031	297.6523	64.54	2.2204e-016	1.8271e-005	0.0001	2.2204e-016
113	8.6265	29.9	0.0533	295.9675	0.090192	94.9701	10.2694	0.54467	107.3844	1.9542	5.0031	298.0531	64.8692	2.2204e-016	1.7937e-005	5.0361	2.2204e-016
114	8.6265	29.855	0.0533	295.9575	0.089284	95.3628	10.3203	0.5496	107.4106	2.0052	5.0028	298.3493	65.1973	2.2204e-016	1.7767e-005	123.5402	2.2204e-016
115	8.627	29.81	0.05335	295.9425	0.088676	95.2989	10.3705	0.55459	107.4369	1.9959	5.0025	297.9087	65.5213	2.2204e-016	1.7914e-005	62.2254	2.2204e-016
116	8.6265	29.755	0.0534	295.93	0.08844	95.4002	10.4202	0.55956	107.4638	2.0165	5.0026	297.7857	65.8421	2.2204e-016	1.7929e-005	0.0001	2.2204e-016
117	8.6255	29.71	0.05355	295.92	0.087726	95.1959	10.4698	0.56452	107.4905	2.033	5.0028	298.1941	66.1621	2.2204e-016	1.7547e-005	58.4707	2.2204e-016
118	8.6235	29.675	0.05375	295.915	0.087345	95.4562	10.5192	0.5695	107.517	1.8725	5.0027	298.0768	66.4805	2.2204e-016	1.7686e-005	114.564	2.2204e-016
119	8.621	29.645	0.0539	295.915	0.087697	95.3261	10.5682	0.57441	107.5442	2.0678	5.0028	297.7071	66.7972	2.2204e-016	1.7737e-005	1.3895	2.2204e-016
120	8.6185	29.61	0.054	295.92	0.087647	95.5609	10.6174	0.57922	107.5716	2.0096	5.0029	298.0797	67.1148	2.2204e-016	1.7369e-005	18.6709	2.2204e-016
121	8.617	29.585	0.0541	295.92	0.087114	95.322	10.6666	0.58401	107.5985	2.0439	5.0026	298.2419	67.4325	2.2204e-016	1.7754e-005	120.9935	2.2204e-016
122	8.6165	29.565	0.05415	295.915	0.086979	95.5327	10.7154	0.58881	107.6257	2.0985	5.0029	297.8368	67.7476	2.2204e-016	1.7665e-005	39.5681	2.2204e-016
123	8.617	29.555	0.05425	295.9075	0.086746	95.1759	10.7639	0.59355	107.6534	2.0666	5.0032	297.8602	68.0611	2.2204e-016	1.6951e-005	5.5313	2.2204e-016
124	8.6165	29.55	0.05435	295.9025	0.086227	95.0686	10.8123	0.5983	107.6808	2.0405	5.0027	298.1709	68.3741	2.2204e-016	1.6728e-005	68.8862	2.2204e-016
125	8.6155	29.55	0.0545	295.8975	0.085848	95.2163	10.8604	0.60305	107.7082	2.1639	5.002	298.0132	68.6853	2.2204e-016	1.6727e-005	82.5859	2.2204e-016
126	8.614	29.55	0.0547	295.895	0.085946	95.479	10.9083	0.60776	107.7361	2.1093	5.0015	297.8015	68.9947	2.2204e-016	1.6636e-005	6.4424	2.2204e-016
127	8.612	29.56	0.055	295.89	0.085987	95.5491	10.9562	0.61238	107.764	2.0363	5.0007	298.1067	69.3049	2.2204e-016	1.6211e-005	33.2382	2.2204e-016
128	8.6095	29.57	0.0553	295.885	0.086276	95.2252	11.0044	0.61692	107.7919	2.0988	4.9994	298.1684	69.6164	2.2204e-016	1.6442e-005	100.0013	2.2204e-016
129	8.6075	29.585	0.05555	295.8825	0.087028	95.58	11.0526	0.62133	107.8204	2.068	4.9983	297.871	69.9287	2.2204e-016	1.7025e-005	33.3045	2.2204e-016
130	8.6065	29.605	0.0558	295.88	0.087641	95.2663	11.1012	0.62558	107.8493	2.2535	4.9978	297.9465	70.2431	2.2204e-016	1.6907e-005	20.3839	2.2204e-016
131	8.6055	29.615	0.056	295.88	0.087953	95.2865	11.1501	0.62971	107.8782	2.045	4.997	298.1169	70.5597	2.2204e-016	1.6971e-005	72.3968	2.2204e-016
132	8.6055	29.635	0.05615	295.88	0.088216	95.1987	11.199	0.63377	107.9072	2.1986	4.9963	297.9582	70.877	2.2204e-016	1.7188e-005	58.8628	2.2204e-016
133	8.6065	29.665	0.0562	295.885	0.088397	95.1368	11.248	0.63776	107.9367	2.0661	4.9957	297.8822	71.1942	2.2204e-016	1.7335e-005	18.1984	2.2204e-016
134	8.6065	29.705	0.0563	295.8875	0.087976	95.2639	11.2969	0.64174	107.966	2.0718	4.9954	298.0787	71.5111	2.2204e-016	1.7453e-005	46.0044	2.2204e-016
135	8.607	29.745	0.0564	295.8925	0.08755	95.3077	11.3456	0.64576	107.9953	2.0892	4.9953	298.0725	71.8266	2.2204e-016	1.761e-005	73.2602	2.2204e-016
136	8.6085	29.79	0.05655	295.8975	0.087328	95.1637	11.3939	0.6498	108.0249	2.067	4.9956	297.9204	72.1402	2.2204e-016	1.7371e-005	32.7827	2.2204e-016
137	8.611	29.83	0.05665	295.9	0.08722	94.7217	11.4422	0.65382	108.0546	2.1556	4.9956	298.0104	72.4531	2.2204e-016	1.7305e-005	34.8661	2.2204e-016
138	8.6145	29.865	0.0568	295.8975	0.086885	95.546	11.4903	0.65785	108.0842	2.1151	4.9955	298.0841	72.7653	2.2204e-016	1.7192e-005	67.4361	2.2204e-016
139	8.6175	29.905	0.0569	295.8925	0.086795	94.9986	11.5382	0.66188	108.1141	2.1673	4.9955	297.9662	73.0763	2.2204e-016	1.7064e-005	49.8411	2.2204e-016
140	8.6205	29.955	0.057	295.8825	0.086634	95.4839	11.586	0.66589	108.1442	2.2041	4.9953	297.953	73.3864	2.2204e-016	1.7108e-005	32.8506	2.2204e-016
141	8.623	30	0.05715	295.875	0.086323	95.3168	11.6336	0.6699	108.1742	2.0495	4.9952	298.0485	73.6956	2.2204e-016	1.6913e-005	53.9289	2.2204e-016
142	8.6245	30.04	0.05735	295.8725	0.086177	94.6695	11.681	0.67392	108.2044	2.0704	4.995	298.011	74.0038	2.2204e-016	1.7084e-005	58.2823	2.2204e-016
143	8.6255	30.075	0.0575	295.8725	0.086316	95.116	11.7284	0.67789	108.2349	2.2532	4.995	297.9535	74.3116	2.2204e-016	1.7425e-005	37.7184	2.2204e-016
144	8.627	30.115	0.05765	295.8675	0.086294	95.1452	11.7758	0.68182	108.2654	2.1501	4.9953	298.0222	74.6196	2.2204e-016	1.7387e-005	45.3232	2.2204e-016
145	8.6295	30.155	0.0577	295.8625	0.086197	95.2256	11.8231	0.68574	108.2961	2.1325	4.9957	298.0417	74.9275	2.2204e-016	1.7509e-005	59.5928	2.2204e-016
146	8.6315	30.195	0.05775	295.8575	0.085833	95.1826	11.8703	0.68966	108.3268	2.1725	4.9963	297.9808	75.234	2.2204e-016	1.7755e-005	46.8998	2.2204e-016
147	8.633	30.225	0.05775	295.8575	0.085364	95.1712	11.9171	0.69362	108.3576	2.2131	4.9973	297.9968	75.5388	2.2204e-016	1.7938e-005	43.4547	2.2204e-016
148	8.6345	30.26	0.0577	295.8575	0.084646	95.1144	11.9636	0.69766	108.3884	2.137	4.9986	298.0345	75.8412	2.2204e-016	1.7944e-005	55.9344	2.2204e-016
149	8.6365	30.29	0.05767	295.86	0.083733	95.131	12.0096	0.7018	108.4191	2.2198	5.0002	297.9995	76.1403	2.2204e-016	1.7624e-005	53.0911	2.2204e-016
150	8.6375	30.31	0.05769	295.86	0.082846	95.345	12.0549	0.70605	108.4498	2.2494	5.0017	297.9842	76.4358	2.2204e-016	1.7493e-005	45.0093	2.2204e-016
151	8.638	30.34	0.05781	295.8575	0.082091	95.1377	12.0998	0.7104	108.4804	2.2276	5.0032	298.0184	76.7282	2.2204e-016	1.7279e-005	51.6952	2.2204e-016
152	8.6375	30.365	0.05798	295.8575	0.081711	95.0087	12.1444	0.71478	108.5112	2.2327	5.0046	298.0134	77.0184	2.2204e-016	1.682e-005	55.2402	2.2204e-016
153	8.6365	30.385	0.0582	295.855	0.081642	95.0278	12.1888	0.71915	108.5422	2.1551	5.0056	297.9904	77.3078	2.2204e-016	1.649e-005	48.4542	2.2204e-016
154	8.6365	30.4	0.05847	295.855	0.08182	95.1184	12.2332	0.72345	108.5734	2.2061	5.0061	298.0091	77.5973	2.2204e-016	1.647e-005	49.895	2.2204e-016
155	8.636	30.41	0.05879	295.855	0.082225	94.9841	12.2778	0.72763	108.6048	2.1862	5.0065	298.0201	77.8879	2.2204e-016	1.6202e-005	55.2829	2.2204e-016
156	8.635	30.42	0.05901	295.8575	0.082885	94.8323	12.3226	0.73167	108.6365	2.2681	5.0064	298.0017	78.1806	2.2204e-016	1.6207e-005	52.2442	2.2204e-016
157	8.6335	30.43	0.05923	295.86	0.083305	94.7698	12.3678	0.73557	108.6685	2.2485	5.0063	298.0031	78.475	2.2204e-016	1.6476e-005	50.5974	2.2204e-016
158	8.631	30.435	0.0594	295.8675	0.08363	94.9817	12.4131	0.73938	108.7007	2.2461	5.0063	298.0156	78.7707	2.2204e-016	1.6473e-005	54.6501	2.2204e-016
159	8.6295	30.43	0.05967	295.8725	0.083771	95.0812	12.4585	0.74311	108.733	2.2441	5.0063	298.0063	79.0672	2.2204e-016	1.6371e-005	54.4775	2.2204e-016
160	8.6275	30.42	0.05989	295.88	0.084185	95.1171	12.504	0.74676	108.7656	2.2696	5.0062	298.0002	79.3645	2.2204e-016	1.6493e-005	52.0323	2.2204e-016
161	8.6255	30.41	0.06006	295.89	0.08451	95.0267	12.5497	0.75032	108.7984	2.2394	5.0061	298.01	79.6631	2.2204e-016	1.663e-005	54.086	2.2204e-016
162	8.6245	30.4	0.06023	295.895	0.084642	94.7265	12.5955	0.75382	108.8313	2.2791	5.0061	298.0095	79.9624	2.2204e-016	1.6399e-005	55.5772	2.2204e-016
163	8.623	30.385	0.0604	295.9	0.084726	94.9763	12.6414	0.75728	108.8645	2.2201	5.0058	298.0025	80.2618	2.2204e-016	1.6246e-005	53.8781	2.2204e-016
164	8.6215	30.36	0.06057	295.91	0.084794	94.6439	12.6872	0.76072	108.8978	2.3256	5.0054	298.0071	80.5614	2.2204e-016	1.6332e-005	54.3718	2.2204e-016
165	8.619	30.34	0.06084	295.9225	0.084853	94.7766	12.733	0.76412	108.9312	2.2631	5.005	298.0104	80.8609	2.2204e-016	1.6489e-005	56.1224	2.2204e-016
166	8.6175	30.325	0.06116	295.9375	0.085232	94.5429	12.7789	0.76747	108.9649	2.249	5.0048	298.0057	81.1612	2.2204e-016	1.6175e-005	55.539	2.2204e-016
167	8.617	30.32	0.06148	295.9475	0.085872	94.9816	12.825	0.7707	108.9989	2.3897	5.0041	298.0063	81.4633	2.2204e-016	1.587e-005	55.3072	2.2204e-016
168	8.616	30.305	0.0619	295.9575	0.086595	94.8059	12.8716	0.7738	109.0333	2.2821	5.0028	298.0099	81.7679	2.2204e-016	1.5938e-005	56.6996	2.2204e-016
169	8.6145	30.29	0.06232	295.9625	0.087668	94.8597	12.9186	0.77673	109.068	2.375	5.0014	298.0074	82.0757	2.2204e-016	1.6127e-005	56.9229	2.2204e-016
170	8.614	30.285	0.06264	295.9725	0.088846	94.648	12.9662	0.77946	109.1032	2.3524	5	298.0057	82.3876	2.2204e-016	1.646e-005	56.5325	2.2204e-016
171	8.614	30.275	0.06286	295.98	0.089726	94.6962	13.0144	0.78202	109.1386	2.4901	4.9987	298.0081	82.7032	2.2204e-016	1.694e-005	57.3675	2.2204e-016
172	8.6145	30.26	0.06313	295.9825	0.090182	94.4356	13.0628	0.7845	109.1743	2.2474	4.9979	298.0077	83.0209	2.2204e-016	1.7375e-005	57.9618	2.2204e-016
173	8.6145	30.24	0.06345	295.9825	0.090657	94.3739	13.1115	0.78692	109.2103	2.4091	4.9975	298.006	83.3403	2.2204e-016	1.7381e-005	57.8001	2.2204e-016
174	8.6135	30.215	0.06367	295.9825	0.091291	94.3959	13.1605	0.78927	109.2465	2.4188	4.9969	298.0071	83.6615	2.2204e-016	1.7601e-005	58.2827	2.2204e-016
175	8.612	30.2	0.06384	295.985	0.09165	94.8618	13.2097	0.79156	109.283	2.4346	4.9965	298.0075	83.9844	2.2204e-016	1.7983e-005	58.9288	2.2204e-016
176	8.61	30.185	0.06406	295.9825	0.091756	94.5941	13.259	0.79385	109.3196	2.4001	4.9966	298.0063	84.308	2.2204e-016	1.8038e-005	58.9695	2.2204e-016
177	8.608	30.17	0.06428	295.9775	0.091938	94.455	13.3084	0.79615	109.3564	2.3989	4.9966	298.0068	84.6319	2.2204e-016	1.7975e-005	59.2224	2.2204e-016
178	8.607	30.16	0.06445	295.97	0.092142	94.4018	13.3578	0.79845	109.3935	2.4797	4.9966	298.0079	84.9563	2.2204e-016	1.8155e-005	59.8171	2.2204e-016
179	8.6055	30.16	0.06452	295.965	0.092191	94.2869	13.4072	0.80076	109.4307	2.3601	4.9967	298.0076	85.2811	2.2204e-016	1.849e-005	60.1579	2.2204e-016
180	8.6045	30.155	0.06464	295.96	0.091866	94.6792	13.4565	0.80314	109.468	2.3818	4.9973	298.0075	85.605	2.2204e-016	1.8598e-005	60.3729	2.2204e-016
181	8.6035	30.145	0.06471	295.95	0.091579	94.6086	13.5056	0.8056	109.5053	2.4358	4.9982	298.0081	85.9276	2.2204e-016	1.8464e-005	60.8726	2.2204e-016
182	8.6015	30.13	0.06483	295.9425	0.091146	94.5037	13.5544	0.80815	109.5428	2.4627	4.9989	298.0079	86.2486	2.2204e-016	1.8648e-005	61.301	2.2204e-016
183	8.6005	30.12	0.06495	295.935	0.090825	94.4866	13.6029	0.81079	109.5803	2.3362	5	298.0074	86.5681	2.2204e-016	1.8434e-005	61.5768	2.2204e-016
184	8.5995	30.12	0.06502	295.925	0.09054	94.6178	13.6513	0.81351	109.618	2.4654	5.0009	298.0073	86.8863	2.2204e-016	1.8011e-005	62.0031	2.2204e-016
185	8.5995	30.11	0.06499	295.9125	0.090117	94.5766	13.6994	0.81631	109.6557	2.4697	5.0014	298.0068	87.2029	2.2204e-016	1.762e-005	62.4005	2.2204e-016
186	8.5985	30.09	0.06491	295.8975	0.089342	94.6235	13.747	0.81924	109.6934	2.4646	5.0017	298.0062	87.5168	2.2204e-016	1.7614e-005	62.6337	2.2204e-016
187	8.597	30.065	0.06478	295.885	0.088303	94.1912	13.7941	0.82235	109.731	2.4645	5.0021	298.0062	87.8269	2.2204e-016	1.7711e-005	62.9865	2.2204e-016
188	8.5965	30.045	0.0646	295.875	0.08702	94.2478	13.8405	0.82569	109.7684	2.4513	5.003	298.0062	88.1323	2.2204e-016	1.7395e-005	63.4013	2.2204e-016
189	8.5955	30.02	0.06442	295.8675	0.085507	94.5632	13.8859	0.82929	109.8057	2.5836	5.004	298.0057	88.4319	2.2204e-016	1.7017e-005	63.7155	2.2204e-016
190	8.594	29.99	0.06434	295.855	0.083931	94.5422	13.9304	0.83317	109.8428	2.5944	5.0048	298.0055	88.7252	2.2204e-016	1.6552e-005	64.0806	2.2204e-016
191	8.5925	29.96	0.06431	295.845	0.082666	94.5371	13.974	0.83729	109.8798	2.4502	5.0055	298.005	89.0129	2.2204e-016	1.5801e-005	64.5181	2.2204e-016
192	8.5915	29.935	0.06423	295.8375	0.081673	94.3642	14.0169	0.84159	109.9167	2.5303	5.0056	298.004	89.2959	2.2204e-016	1.5521e-005	64.8269	2.2204e-016
193	8.5915	29.92	0.0641	295.835	0.080616	94.3787	14.0591	0.84605	109.9536	2.5256	5.0057	298.0031	89.5746	2.2204e-016	1.5638e-005	65.1053	2.2204e-016
194	8.5925	29.91	0.06407	295.835	0.079381	94.2751	14.1005	0.85069	109.9903	2.5694	5.0062	298.0025	89.8485	2.2204e-016	1.5208e-005	65.3763	2.2204e-016
195	8.594	29.89	0.06399	295.83	0.078415	94.32	14.1413	0.85549	110.027	2.5199	5.0065	298.0021	90.1179	2.2204e-016	1.4955e-005	65.6519	2.2204e-016
196	8.5965	29.87	0.06396	295.8275	0.07738	94.5588	14.1814	0.86043	110.0636	2.5038	5.0068	298.0019	90.383	2.2204e-016	1.4718e-005	65.8974	2.2204e-016
197	8.5985	29.85	0.06388	295.8275	0.07649	94.3694	14.2209	0.86549	110.1001	2.54	5.0071	298.0021	90.6442	2.2204e-016	1.4595e-005	66.1726	2.2204e-016
198	8.5995	29.83	0.06385	295.8275	0.075489	94.3539	14.2598	0.87067	110.1366	2.4609	5.0075	298.0023	90.9014	2.2204e-016	1.4405e-005	66.4887	2.2204e-016
199	8.6005	29.805	0.06387	295.8275	0.074617	94.3762	14.2981	0.87596	110.173	2.5355	5.0079	298.0024	91.1546	2.2204e-016	1.4022e-005	66.7709	2.2204e-016
200	8.602	29.79	0.06394	295.83	0.073953	94.0112	14.3359	0.88131	110.2095	2.4445	5.0081	298.0025	91.4046	2.2204e-016	1.3504e-005	67.1282	2.2204e-016
201	8.6035	29.78	0.06406	295.835	0.073526	94.6405	14.3733	0.88668	110.246	2.6473	5.0078	298.0023	91.6524	2.2204e-016	1.3191e-005	67.4371	2.2204e-016
202	8.606	29.775	0.06408	295.84	0.073343	94.1845	14.4105	0.89201	110.2826	2.5368	5.0072	298.002	91.8987	2.2204e-016	1.2827e-005	67.6849	2.2204e-016
203	8.608	29.775	0.0641	295.845	0.072924	94.6365	14.4474	0.8973	110.3192	2.614	5.0063	298.0019	92.1435	2.2204e-016	1.3022e-005	67.9739	2.2204e-016
204	8.61	29.765	0.06417	295.8475	0.072431	94.2568	14.484	0.9026	110.3558	2.6928	5.0057	298.0017	92.3861	2.2204e-016	1.3377e-005	68.2241	2.2204e-016
205	8.6115	29.76	0.06434	295.85	0.072069	94.3622	14.5204	0.90789	110.3925	2.5291	5.0058	298.0018	92.6269	2.2204e-016	1.3401e-005	68.4785	2.2204e-016
206	8.6135	29.76	0.06451	295.85	0.072065	94.1546	14.5565	0.9131	110.4294	2.5658	5.0059	298.0019	92.8668	2.2204e-016	1.348e-005	68.7974	2.2204e-016
207	8.6155	29.755	0.06473	295.8525	0.072175	94.5038	14.5927	0.91819	110.4664	2.5559	5.0061	298.0019	93.1068	2.2204e-016	1.3453e-005	69.0681	2.2204e-016
208	8.617	29.75	0.0649	295.8525	0.072479	94.2287	14.629	0.92312	110.5036	2.5778	5.0062	298.0019	93.3476	2.2204e-016	1.3332e-005	69.2979	2.2204e-016
209	8.6195	29.755	0.06507	295.8525	0.072687	94.1974	14.6654	0.92791	110.541	2.6598	5.0061	298.0022	93.5891	2.2204e-016	1.3263e-005	69.5817	2.2204e-016
210	8.6215	29.755	0.06519	295.8575	0.072865	94.278	14.7018	0.93256	110.5786	2.4929	5.0059	298.0024	93.8313	2.2204e-016	1.3196e-005	69.8063	2.2204e-016
211	8.624	29.755	0.06531	295.865	0.072875	94.3598	14.7383	0.9371	110.6162	2.6789	5.0056	298.0029	94.0735	2.2204e-016	1.3366e-005	69.9975	2.2204e-016
212	8.6255	29.755	0.06543	295.8725	0.072828	93.9787	14.7747	0.94158	110.654	2.6606	5.0055	298.0039	94.3155	2.2204e-016	1.3123e-005	70.3287	2.2204e-016
213	8.626	29.75	0.06555	295.8775	0.072765	93.9111	14.811	0.94599	110.6918	2.6342	5.0052	298.0046	94.5571	2.2204e-016	1.2859e-005	70.6901	2.2204e-016
214	8.626	29.75	0.06562	295.88	0.072703	94.2553	14.8473	0.95035	110.7298	2.6659	5.0045	298.0048	94.7981	2.2204e-016	1.2756e-005	71.0238	2.2204e-016
215	8.626	29.76	0.06579	295.885	0.072484	94.1715	14.8834	0.95467	110.7679	2.6122	5.0039	298.0048	95.0384	2.2204e-016	1.2576e-005	71.4069	2.2204e-016
216	8.625	29.775	0.06591	295.8925	0.072538	93.8072	14.9194	0.95893	110.8061	2.7196	5.003	298.0043	95.278	2.2204e-016	1.2764e-005	71.8232	2.2204e-016
217	8.6245	29.785	0.06613	295.9025	0.07252	94.2618	14.9554	0.96313	110.8444	2.6511	5.0024	298.0032	95.5175	2.2204e-016	1.2531e-005	72.1093	2.2204e-016
218	8.625	29.795	0.06635	295.91	0.072799	93.978	14.9914	0.96721	110.8829	2.6143	5.0015	298.0022	95.7574	2.2204e-016	1.2418e-005	72.3256	2.2204e-016
219	8.625	29.805	0.06662	295.92	0.073176	94.1494	15.0276	0.97116	110.9217	2.6324	5.0003	298.0016	95.9983	2.2204e-016	1.2566e-005	72.5703	2.2204e-016
220	8.624	29.81	0.06679	295.9275	0.073742	94.2491	15.064	0.97492	110.9607	2.7461	4.9993	298.0012	96.2409	2.2204e-016	1.2813e-005	72.7256	2.2204e-016
221	8.623	29.82	0.06696	295.935	0.074043	94.1931	15.1006	0.97854	110.9998	2.6692	4.9984	298.0015	96.4849	2.2204e-016	1.3086e-005	72.9313	2.2204e-016
222	8.621	29.83	0.06723	295.9425	0.074253	93.9027	15.1373	0.98206	111.0391	2.6568	4.9978	298.0023	96.7297	2.2204e-016	1.3372e-005	73.2593	2.2204e-016
223	8.619	29.83	0.0675	295.95	0.074746	93.9921	15.1742	0.98545	111.0787	2.7051	4.9975	298.0028	96.9758	2.2204e-016	1.3319e-005	73.5833	2.2204e-016
224	8.6175	29.835	0.06782	295.9625	0.075327	94.1374	15.2113	0.98867	111.1186	2.6761	4.997	298.0031	97.2239	2.2204e-016	1.3236e-005	73.8878	2.2204e-016
225	8.6155	29.845	0.06809	295.9725	0.076096	94.1694	15.2489	0.99169	111.1587	2.7091	4.9962	298.0034	97.4745	2.2204e-016	1.3561e-005	74.2526	2.2204e-016
226	8.6135	29.86	0.06831	295.985	0.07676	94.0381	15.2868	0.99454	111.1991	2.683	4.9956	298.0034	97.7277	2.2204e-016	1.3614e-005	74.6085	2.2204e-016
227	8.6115	29.88	0.06853	295.995	0.077227	94.183	15.325	0.99724	111.2398	2.7287	4.995	298.0031	97.9829	2.2204e-016	1.352e-005	74.918	2.2204e-016
228	8.609	29.905	0.0688	296.005	0.07763	94.0618	15.3634	0.99983	111.2806	2.7849	4.9942	298.0029	98.2396	2.2204e-016	1.381e-005	75.2002	2.2204e-016
229	8.606	29.92	0.06907	296.015	0.078168	93.9736	15.4021	1.0023	111.3217	2.6843	4.9935	298.0028	98.498	2.2204e-016	1.4102e-005	75.4537	2.2204e-016
230	8.6035	29.94	0.06929	296.0225	0.078742	93.7391	15.441	1.0047	111.363	2.7545	4.9931	298.003	98.7584	2.2204e-016	1.4446e-005	75.7728	2.2204e-016
231	8.6005	29.96	0.06951	296.0275	0.079158	93.8958	15.4802	1.0069	111.4046	2.6955	4.993	298.0032	99.0205	2.2204e-016	1.4773e-005	76.0933	2.2204e-016
232	8.598	29.98	0.06968	296.035	0.079516	93.9578	15.5195	1.0091	111.4464	2.7053	4.9932	298.0034	99.284	2.2204e-016	1.5192e-005	76.339	2.2204e-016
233	8.596	30	0.06985	296.04	0.079687	93.994	15.559	1.0112	111.4883	2.7282	4.9938	298.0039	99.5484	2.2204e-016	1.5312e-005	76.6098	2.2204e-016
234	8.5935	30.015	0.06997	296.045	0.079791	93.7954	15.5986	1.0134	111.5304	2.7214	4.9945	298.0046	99.8132	2.2204e-016	1.5451e-005	76.9308	2.2204e-016
235	8.591	30.025	0.07004	296.05	0.079711	93.7663	15.6381	1.0155	111.5726	2.7084	4.9954	298.0053	100.0778	2.2204e-016	1.5497e-005	77.2078	2.2204e-016
236	8.5895	30.03	0.07011	296.05	0.079412	93.965	15.6774	1.0178	111.6148	2.6644	4.9964	298.0062	100.3415	2.2204e-016	1.5109e-005	77.4471	2.2204e-016
237	8.5885	30.04	0.07008	296.045	0.079047	93.9864	15.7165	1.0201	111.6571	2.6908	4.997	298.0074	100.6037	2.2204e-016	1.5062e-005	77.7844	2.2204e-016
238	8.587	30.05	0.0701	296.0425	0.078347	93.7648	15.7552	1.0226	111.6994	2.7937	4.9978	298.0084	100.8635	2.2204e-016	1.5136e-005	78.1552	2.2204e-016
239	8.5865	30.06	0.07002	296.035	0.077699	93.6281	15.7935	1.0252	111.7417	2.8549	4.9988	298.0091	101.1204	2.2204e-016	1.4705e-005	78.4908	2.2204e-016
240	8.587	30.07	0.06999	296.0275	0.076757	93.7486	15.8313	1.0281	111.7839	2.6971	4.9995	298.0096	101.3739	2.2204e-016	1.4538e-005	78.8639	2.2204e-016
241	8.587	30.07	0.07001	296.02	0.075884	93.7764	15.8684	1.0311	111.826	2.7478	5.0003	298.0098	101.6236	2.2204e-016	1.454e-005	79.2443	2.2204e-016
242	8.588	30.07	0.06998	296.0125	0.075196	93.8431	15.9051	1.0343	111.8682	2.8293	5.0013	298.0096	101.87	2.2204e-016	1.4371e-005	79.5285	2.2204e-016
243	8.589	30.075	0.0699	296.0075	0.074411	93.1628	15.9413	1.0377	111.9103	2.7818	5.0024	298.0096	102.1132	2.2204e-016	1.4112e-005	79.8318	2.2204e-016
244	8.589	30.085	0.06977	296	0.073439	93.9831	15.9769	1.0413	111.9523	2.8644	5.0033	298.0095	102.3527	2.2204e-016	1.3927e-005	80.1824	2.2204e-016
245	8.59	30.09	0.06959	295.9975	0.072254	93.4217	16.0118	1.0452	111.9942	2.7525	5.0044	298.0091	102.5875	2.2204e-016	1.3393e-005	80.4834	2.2204e-016
246	8.5915	30.09	0.06946	295.995	0.07085	93.5794	16.0459	1.0493	112.0359	2.7781	5.0052	298.0087	102.8169	2.2204e-016	1.2996e-005	80.7621	2.2204e-016
247	8.593	30.09	0.06938	295.9925	0.069542	93.4604	16.0791	1.0537	112.0774	2.7013	5.0059	298.0084	103.0406	2.2204e-016	1.2833e-005	81.0516	2.2204e-016
248	8.5955	30.08	0.0693	295.99	0.068432	93.5948	16.1116	1.0584	112.1189	2.7519	5.0067	298.008	103.2591	2.2204e-016	1.2457e-005	81.3758	2.2204e-016
249	8.5975	30.08	0.06917	295.99	0.067392	93.5016	16.1433	1.0632	112.1602	2.8883	5.0074	298.0073	103.4731	2.2204e-016	1.2087e-005	81.7239	2.2204e-016
250	8.6	30.08	0.06914	295.99	0.066223	93.8018	16.1744	1.0683	112.2015	2.8396	5.0079	298.0064	103.6824	2.2204e-016	1.172e-005	81.9995	2.2204e-016
251	8.6025	30.08	0.06911	295.9875	0.06534	93.9794	16.2048	1.0736	112.2427	2.7974	5.0084	298.0054	103.8873	2.2204e-016	1.1126e-005	82.2305	2.2204e-016
252	8.6055	30.08	0.06918	295.98	0.064561	93.5755	16.2346	1.0789	112.2838	2.8486	5.0083	298.0046	104.0886	2.2204e-016	1.0683e-005	82.5032	2.2204e-016
253	8.6085	30.075	0.0692	295.975	0.064147	93.6069	16.2641	1.0843	112.325	2.7968	5.0079	298.0038	104.2873	2.2204e-016	1.0389e-005	82.7101	2.2204e-016
254	8.6125	30.065	0.06927	295.9675	0.063702	93.5062	16.2932	1.0897	112.3663	2.8709	5.0073	298.0032	104.484	2.2204e-016	1.0253e-005	82.9013	2.2204e-016
255	8.617	30.05	0.06934	295.9625	0.06341	93.8313	16.3221	1.0951	112.4075	2.7345	5.0066	298.0029	104.679	2.2204e-016	1.019e-005	83.1085	2.2204e-016
256	8.621	30.035	0.06936	295.96	0.06317	93.498	16.3507	1.1004	112.4489	2.913	5.006	298.0028	104.8726	2.2204e-016	1.0451e-005	83.3564	2.2204e-016
257	8.6245	30.025	0.06943	295.96	0.062787	93.6809	16.3791	1.1057	112.4902	2.8596	5.0057	298.0027	105.0647	2.2204e-016	1.0665e-005	83.6132	2.2204e-016
258	8.628	30.015	0.0694	295.9625	0.062511	93.5402	16.4073	1.111	112.5317	2.8906	5.0058	298.0025	105.2553	2.2204e-016	1.0473e-005	83.8827	2.2204e-016
259	8.631	30.005	0.06947	295.9675	0.061951	93.6194	16.4352	1.1163	112.573	2.8206	5.0059	298.0022	105.4439	2.2204e-016	1.0574e-005	84.1352	2.2204e-016
260	8.633	29.995	0.06959	295.97	0.061618	93.7328	16.4628	1.1216	112.6145	2.789	5.0061	298.0019	105.6306	2.2204e-016	1.0456e-005	84.3956	2.2204e-016
261	8.636	29.995	0.06966	295.9725	0.061522	93.7877	16.4902	1.1268	112.656	2.7909	5.0063	298.0014	105.8162	2.2204e-016	1.0122e-005	84.608	2.2204e-016
262	8.638	30	0.06973	295.975	0.061351	93.4307	16.5175	1.1319	112.6976	2.7556	5.0061	298.0011	106.0011	2.2204e-016	9.7971e-006	84.7882	2.2204e-016
263	8.64	30.005	0.0699	295.9725	0.06116	93.4689	16.5447	1.137	112.7393	2.8839	5.0057	298.0011	106.1851	2.2204e-016	9.6191e-006	84.9603	2.2204e-016
264	8.643	30.005	0.07002	295.97	0.061288	93.5117	16.5718	1.1419	112.7811	2.7895	5.005	298.0013	106.3688	2.2204e-016	9.5485e-006	85.1152	2.2204e-016
265	8.6455	30.005	0.07019	295.9625	0.061364	93.5049	16.5989	1.1467	112.8231	2.9547	5.0042	298.0019	106.5527	2.2204e-016	9.8344e-006	85.266	2.2204e-016
266	8.647	30.005	0.07036	295.955	0.06158	93.7219	16.6261	1.1514	112.8651	2.8529	5.0038	298.0028	106.7371	2.2204e-016	9.7868e-006	85.4975	2.2204e-016
267	8.648	30.005	0.07048	295.945	0.061842	93.5082	16.6534	1.1558	112.9074	2.9671	5.0032	298.0036	106.9222	2.2204e-016	9.7739e-006	85.7197	2.2204e-016
268	8.648	30.015	0.07065	295.935	0.061957	93.4508	16.6807	1.1601	112.9498	2.8924	5.0026	298.0044	107.108	2.2204e-016	1.0098e-005	85.925	2.2204e-016
269	8.6485	30.02	0.07087	295.92	0.06218	93.1767	16.7082	1.1643	112.9923	2.8381	5.0023	298.0053	107.2942	2.2204e-016	1.0349e-005	86.1191	2.2204e-016
270	8.6485	30.025	0.07104	295.9025	0.062593	93.5081	16.7358	1.1683	113.035	2.9102	5.0023	298.0063	107.4817	2.2204e-016	1.0221e-005	86.3356	2.2204e-016
271	8.648	30.025	0.07126	295.8875	0.062909	93.638	16.7636	1.1721	113.0779	3.0027	5.002	298.0073	107.6705	2.2204e-016	1.0608e-005	86.6197	2.2204e-016
272	8.647	30.025	0.07138	295.875	0.063346	93.6995	16.7916	1.1757	113.121	2.8881	5.0021	298.008	107.8608	2.2204e-016	1.0845e-005	86.8837	2.2204e-016
273	8.6465	30.03	0.07155	295.8625	0.063499	93.657	16.8197	1.1791	113.1642	2.8973	5.0023	298.0086	108.052	2.2204e-016	1.1137e-005	87.1663	2.2204e-016
274	8.645	30.045	0.07172	295.855	0.063709	93.4088	16.8479	1.1825	113.2075	2.9439	5.0029	298.009	108.244	2.2204e-016	1.1421e-005	87.483	2.2204e-016
275	8.643	30.07	0.07189	295.845	0.063933	93.3707	16.8762	1.1857	113.251	2.9539	5.0037	298.009	108.4367	2.2204e-016	1.1463e-005	87.8144	2.2204e-016
276	8.641	30.09	0.07216	295.8375	0.064157	93.7263	16.9047	1.1888	113.2947	2.9026	5.0046	298.0086	108.6303	2.2204e-016	1.1333e-005	88.1267	2.2204e-016
277	8.6385	30.1	0.07248	295.83	0.064701	93.0296	16.9333	1.1918	113.3387	2.9688	5.0052	298.008	108.8254	2.2204e-016	1.1065e-005	88.3983	2.2204e-016
278	8.6355	30.115	0.0729	295.82	0.065513	93.6697	16.9624	1.1945	113.3829	2.8939	5.0053	298.0073	109.0233	2.2204e-016	1.0956e-005	88.6407	2.2204e-016
279	8.6325	30.125	0.07322	295.8125	0.066733	93.4617	16.992	1.1968	113.4276	2.9323	5.005	298.0068	109.2254	2.2204e-016	1.1111e-005	88.8927	2.2204e-016
280	8.63	30.13	0.07344	295.81	0.067766	93.248	17.0223	1.1988	113.4725	3.0143	5.0046	298.0063	109.432	2.2204e-016	1.1208e-005	89.123	2.2204e-016
281	8.6265	30.13	0.07361	295.8075	0.068413	93.4894	17.0531	1.2006	113.5177	3.0066	5.0041	298.006	109.6418	2.2204e-016	1.129e-005	89.3544	2.2204e-016
282	8.624	30.125	0.07373	295.8075	0.068769	93.2414	17.0841	1.2023	113.563	3.044	5.0036	298.006	109.8534	2.2204e-016	1.1647e-005	89.6787	2.2204e-016
283	8.621	30.12	0.07375	295.81	0.068864	93.5705	17.1152	1.2039	113.6085	2.9964	5.0034	298.0057	110.0657	2.2204e-016	1.1949e-005	89.9652	2.2204e-016
284	8.6175	30.115	0.07387	295.8125	0.068548	93.6608	17.1462	1.2056	113.6539	3.0106	5.0036	298.0054	110.2773	2.2204e-016	1.1957e-005	90.2514	2.2204e-016
285	8.614	30.11	0.07399	295.82	0.068409	93.6375	17.177	1.2074	113.6995	2.9286	5.004	298.005	110.4878	2.2204e-016	1.1593e-005	90.5758	2.2204e-016
286	8.611	30.1	0.07411	295.8275	0.068334	93.3063	17.2077	1.2093	113.7452	2.9978	5.0039	298.0045	110.6977	2.2204e-016	1.1634e-005	90.8428	2.2204e-016
287	8.609	30.095	0.07423	295.8375	0.068283	93.1689	17.2383	1.2111	113.7909	3.0121	5.0039	298.004	110.9071	2.2204e-016	1.1655e-005	91.1339	2.2204e-016
288	8.6075	30.08	0.0743	295.8475	0.068238	93.1586	17.2689	1.213	113.8368	2.9723	5.004	298.0035	111.1162	2.2204e-016	1.1209e-005	91.4328	2.2204e-016
289	8.6065	30.065	0.07442	295.8625	0.068043	93.1143	17.2993	1.215	113.8828	3.0797	5.0036	298.0029	111.3245	2.2204e-016	1.0802e-005	91.7328	2.2204e-016
290	8.6055	30.05	0.07454	295.88	0.067964	93.1722	17.3297	1.217	113.9288	3.0747	5.0028	298.0023	111.532	2.2204e-016	1.0919e-005	91.9954	2.2204e-016
291	8.605	30.04	0.07461	295.8975	0.067926	92.8901	17.3599	1.219	113.975	2.9732	5.0021	298.0017	111.7391	2.2204e-016	1.0729e-005	92.2319	2.2204e-016
292	8.604	30.035	0.07478	295.915	0.067744	93.3311	17.39	1.221	114.0212	2.9319	5.0013	298.0014	111.9454	2.2204e-016	1.0422e-005	92.5166	2.2204e-016
293	8.602	30.035	0.075	295.9325	0.067835	93.3509	17.42	1.2231	114.0676	2.9096	5.0002	298.001	112.1513	2.2204e-016	1.0274e-005	92.8245	2.2204e-016
294	8.601	30.025	0.07522	295.945	0.068181	93.1971	17.4502	1.2251	114.1142	3.0166	4.9988	298.0005	112.3578	2.2204e-016	9.9794e-006	93.0505	2.2204e-016
295	8.5995	30.01	0.07539	295.955	0.068616	93.0684	17.4805	1.227	114.161	2.9605	4.997	298.0003	112.5658	2.2204e-016	9.9746e-006	93.2802	2.2204e-016
296	8.5975	30	0.07551	295.96	0.068924	93.2027	17.511	1.2288	114.208	2.9778	4.9952	298.0002	112.7749	2.2204e-016	1.0134e-005	93.4861	2.2204e-016
297	8.5965	30	0.07553	295.9675	0.069028	93.0808	17.5415	1.2305	114.2551	3.0932	4.9935	298.0005	112.9846	2.2204e-016	1.0506e-005	93.7326	2.2204e-016
298	8.5965	29.99	0.0755	295.975	0.068742	93.1214	17.5719	1.2324	114.3021	2.9722	4.9923	298.0009	113.1934	2.2204e-016	1.0761e-005	94.0059	2.2204e-016
299	8.5965	29.985	0.07557	295.9775	0.068159	93.2698	17.602	1.2343	114.3492	3.0499	4.9915	298.0012	113.4001	2.2204e-016	1.0748e-005	94.2902	2.2204e-016
300	8.597	29.99	0.07574	295.9775	0.067791	93.2684	17.6317	1.2364	114.3963	2.9976	4.9909	298.0015	113.6045	2.2204e-016	1.0799e-005	94.6033	2.2204e-016
301	8.5985	29.99	0.07601	295.98	0.067813	92.9284	17.6614	1.2386	114.4435	2.9651	4.9903	298.0016	113.8082	2.2204e-016	1.0885e-005	94.9056	2.2204e-016
302	8.599	29.985	0.07633	295.98	0.068281	93.3004	17.6911	1.2407	114.491	3.1121	4.9898	298.0015	114.0127	2.2204e-016	1.0988e-005	95.1693	2.2204e-016
303	8.6005	29.985	0.0767	295.9825	0.069056	93.0099	17.7212	1.2425	114.5389	3.0998	4.9893	298.0014	114.2197	2.2204e-016	1.1068e-005	95.4672	2.2204e-016
304	8.602	29.98	0.07697	295.985	0.070087	92.8861	17.7517	1.2441	114.587	3.0948	4.9886	298.0013	114.4303	2.2204e-016	1.1086e-005	95.7477	2.2204e-016
305	8.6035	29.975	0.07729	295.9825	0.070884	92.622	17.7828	1.2455	114.6355	3.0671	4.9877	298.0012	114.6444	2.2204e-016	1.1458e-005	95.9747	2.2204e-016
306	8.6055	29.98	0.07761	295.9825	0.071753	92.8171	17.8144	1.2466	114.6842	3.058	4.987	298.0013	114.8619	2.2204e-016	1.1876e-005	96.2304	2.2204e-016
307	8.6065	29.98	0.07793	295.985	0.072636	93.0385	17.8464	1.2475	114.7333	3.0667	4.9866	298.0016	115.0827	2.2204e-016	1.2063e-005	96.4999	2.2204e-016
308	8.6075	29.99	0.07825	295.985	0.073513	92.8909	17.879	1.2482	114.7826	3.1183	4.9862	298.0019	115.3071	2.2204e-016	1.2592e-005	96.7686	2.2204e-016
309	8.6075	30	0.07847	295.9825	0.074378	92.6745	17.912	1.2488	114.8323	3.0756	4.9861	298.0024	115.5349	2.2204e-016	1.3215e-005	97.0684	2.2204e-016
310	8.6075	30.015	0.07864	295.98	0.074909	93.1495	17.9454	1.2492	114.8822	3.0356	4.9866	298.0028	115.7654	2.2204e-016	1.3583e-005	97.4527	2.2204e-016
311	8.6075	30.035	0.07881	295.98	0.07516	93.2421	17.979	1.2496	114.9322	3.0375	4.9874	298.0029	115.9973	2.2204e-016	1.3754e-005	97.8216	2.2204e-016
312	8.608	30.05	0.07888	295.98	0.075312	92.9205	18.0127	1.25	114.9824	3.1782	4.9883	298.0028	116.23	2.2204e-016	1.4145e-005	98.1463	2.2204e-016
313	8.609	30.06	0.0789	295.98	0.075109	93.0023	18.0463	1.2505	115.0326	3.1022	4.9897	298.0026	116.4624	2.2204e-016	1.4199e-005	98.456	2.2204e-016
314	8.609	30.075	0.07892	295.985	0.074628	93.1662	18.0797	1.2511	115.0829	3.0027	4.9913	298.0024	116.6932	2.2204e-016	1.4342e-005	98.7843	2.2204e-016
315	8.6095	30.09	0.07904	295.9925	0.074052	92.8396	18.1127	1.252	115.1332	3.0742	4.9931	298.0022	116.9217	2.2204e-016	1.4234e-005	99.0781	2.2204e-016
316	8.611	30.11	0.07911	296.0025	0.073758	92.7971	18.1455	1.2531	115.1835	3.089	4.995	298.002	117.1484	2.2204e-016	1.38e-005	99.3907	2.2204e-016
317	8.612	30.12	0.07923	296.0075	0.073409	93.0187	18.178	1.2543	115.234	3.1464	4.9964	298.0018	117.3736	2.2204e-016	1.3428e-005	99.6716	2.2204e-016
318	8.6125	30.135	0.0793	296.01	0.073205	92.8853	18.2103	1.2556	115.2845	3.209	4.9975	298.0018	117.5977	2.2204e-016	1.3402e-005	99.98	2.2204e-016
319	8.6125	30.15	0.07932	296.015	0.072898	92.8253	18.2425	1.2571	115.3351	3.2054	4.9987	298.0017	117.8205	2.2204e-016	1.3246e-005	100.2931	2.2204e-016
320	8.6115	30.155	0.07924	296.0175	0.072402	92.8231	18.2744	1.2587	115.3857	3.1247	4.9998	298.0015	118.0415	2.2204e-016	1.3049e-005	100.5941	2.2204e-016
321	8.61	30.17	0.07911	296.0175	0.071533	92.9081	18.3058	1.2606	115.4362	3.1183	5.0009	298.0014	118.2594	2.2204e-016	1.3069e-005	100.9042	2.2204e-016
322	8.6095	30.19	0.07903	296.0175	0.070385	93.0752	18.3365	1.2627	115.4866	3.1668	5.0023	298.0012	118.4728	2.2204e-016	1.2582e-005	101.1805	2.2204e-016
323	8.6085	30.2	0.07895	296.0125	0.069304	92.9693	18.3666	1.2653	115.5368	3.1832	5.0035	298.0011	118.6815	2.2204e-016	1.2167e-005	101.4846	2.2204e-016
324	8.6075	30.215	0.07897	296.005	0.068256	93.1063	18.396	1.2681	115.587	3.1707	5.0044	298.0009	118.8854	2.2204e-016	1.2212e-005	101.7803	2.2204e-016
325	8.606	30.225	0.07894	296	0.067536	93.0881	18.4248	1.2712	115.6372	3.1543	5.0057	298.0006	119.0855	2.2204e-016	1.1939e-005	102.0834	2.2204e-016
326	8.604	30.225	0.07896	295.9925	0.066774	92.9191	18.4531	1.2745	115.6874	3.112	5.0069	298.0002	119.2824	2.2204e-016	1.1306e-005	102.352	2.2204e-016
327	8.603	30.22	0.07898	295.9825	0.066165	92.7964	18.4809	1.2779	115.7375	3.1111	5.0075	297.9998	119.4763	2.2204e-016	1.1272e-005	102.6321	2.2204e-016
328	8.6025	30.205	0.079	295.975	0.065613	92.7505	18.5084	1.2815	115.7877	3.1593	5.0083	297.9994	119.6675	2.2204e-016	1.105e-005	102.8822	2.2204e-016
329	8.603	30.19	0.07907	295.965	0.065085	92.9439	18.5355	1.2852	115.8379	3.1256	5.0089	297.9991	119.8563	2.2204e-016	1.0625e-005	103.144	2.2204e-016
330	8.6035	30.17	0.07924	295.9575	0.064731	93.0187	18.5624	1.289	115.8881	3.1042	5.0092	297.9987	120.0431	2.2204e-016	1.0368e-005	103.3422	2.2204e-016
331	8.604	30.145	0.07941	295.945	0.064757	92.9159	18.5891	1.2927	115.9385	3.1863	5.0093	297.9986	120.2291	2.2204e-016	1.0167e-005	103.542	2.2204e-016
332	8.6045	30.115	0.07968	295.935	0.064917	92.9268	18.6158	1.2963	115.989	3.0824	5.0091	297.9987	120.4154	2.2204e-016	9.9785e-006	103.7723	2.2204e-016
333	8.605	30.085	0.07995	295.925	0.065442	92.6792	18.6427	1.2998	116.0398	3.1854	5.0086	297.9989	120.603	2.2204e-016	1.0039e-005	103.9675	2.2204e-016
334	8.6065	30.055	0.08027	295.9125	0.06609	92.6429	18.6699	1.303	116.0909	3.2428	5.0081	297.9993	120.793	2.2204e-016	1.0077e-005	104.2257	2.2204e-016
335	8.6085	30.02	0.08054	295.9025	0.066934	92.3781	18.6976	1.3058	116.1422	3.1885	5.0073	297.9997	120.986	2.2204e-016	1.0112e-005	104.5119	2.2204e-016
336	8.6095	29.975	0.08091	295.8925	0.067686	93.0335	18.7256	1.3084	116.1939	3.1492	5.0065	298	121.1821	2.2204e-016	1.054e-005	104.7938	2.2204e-016
337	8.61	29.935	0.08128	295.885	0.06871	92.5508	18.7542	1.3107	116.2458	3.1634	5.0058	298.0002	121.3819	2.2204e-016	1.0871e-005	105.1	2.2204e-016
338	8.6105	29.9	0.08175	295.88	0.069815	92.7548	18.7835	1.3126	116.2982	3.2009	5.0053	298.0002	121.5861	2.2204e-016	1.0974e-005	105.3782	2.2204e-016
339	8.612	29.865	0.08217	295.875	0.071252	92.8773	18.8134	1.3141	116.351	3.1879	5.0046	298.0003	121.7956	2.2204e-016	1.1326e-005	105.6548	2.2204e-016
340	8.6145	29.835	0.08264	295.8725	0.072635	92.6483	18.8442	1.3152	116.4042	3.1514	5.0039	298.0004	122.0109	2.2204e-016	1.1928e-005	105.9398	2.2204e-016
341	8.6165	29.8	0.08306	295.87	0.074138	92.3355	18.8758	1.3159	116.4578	3.2654	5.0035	298.0006	122.2322	2.2204e-016	1.2034e-005	106.1888	2.2204e-016
342	8.618	29.765	0.08343	295.8675	0.075513	92.266	18.9083	1.3162	116.5119	3.281	5.0029	298.001	122.4593	2.2204e-016	1.2649e-005	106.4898	2.2204e-016
343	8.6195	29.74	0.0838	295.87	0.076676	92.7704	18.9414	1.3162	116.5663	3.2141	5.0026	298.0014	122.6917	2.2204e-016	1.3193e-005	106.744	2.2204e-016
344	8.6205	29.715	0.08412	295.8775	0.077752	92.36	18.9753	1.316	116.6211	3.2772	5.0027	298.002	122.9286	2.2204e-016	1.3135e-005	106.9892	2.2204e-016
345	8.6225	29.695	0.08444	295.885	0.078635	92.5478	19.0096	1.3156	116.6761	3.2238	5.0024	298.003	123.1694	2.2204e-016	1.3359e-005	107.2921	2.2204e-016
346	8.6245	29.68	0.08471	295.8925	0.07945	92.6352	19.0444	1.315	116.7315	3.3312	5.0022	298.004	123.4136	2.2204e-016	1.3823e-005	107.6413	2.2204e-016
347	8.626	29.67	0.08493	295.9	0.080076	92.6802	19.0796	1.3144	116.7872	3.184	5.0023	298.0049	123.6606	2.2204e-016	1.3804e-005	107.9354	2.2204e-016
348	8.6265	29.67	0.08515	295.9075	0.08048	92.4922	19.1151	1.3137	116.843	3.1857	5.0023	298.0059	123.9096	2.2204e-016	1.3846e-005	108.3392	2.2204e-016
349	8.626	29.665	0.08542	295.9175	0.080809	92.506	19.1508	1.3131	116.8991	3.3112	5.0023	298.0066	124.1599	2.2204e-016	1.3839e-005	108.6843	2.2204e-016
350	8.6255	29.655	0.08559	295.925	0.081265	92.407	19.1866	1.3125	116.9554	3.3077	5.0021	298.0072	124.4117	2.2204e-016	1.381e-005	109.0437	2.2204e-016
351	8.6255	29.645	0.08571	295.9375	0.081456	92.4102	19.2226	1.3119	117.0118	3.2719	5.0019	298.0078	124.6646	2.2204e-016	1.4135e-005	109.3937	2.2204e-016
352	8.6255	29.64	0.08573	295.945	0.0814	92.29	19.2585	1.3114	117.0684	3.3225	5.002	298.0084	124.9174	2.2204e-016	1.4203e-005	109.7194	2.2204e-016
353	8.6255	29.63	0.08575	295.9525	0.080951	92.2654	19.2943	1.3111	117.1249	3.3813	5.0023	298.009	125.1689	2.2204e-016	1.3941e-005	110.109	2.2204e-016
354	8.6245	29.62	0.08572	295.9575	0.080374	92.3215	19.3296	1.3111	117.1815	3.2505	5.0024	298.0094	125.418	2.2204e-016	1.3663e-005	110.4419	2.2204e-016
355	8.623	29.615	0.08564	295.96	0.079607	92.267	19.3645	1.3113	117.238	3.2367	5.0025	298.0099	125.6638	2.2204e-016	1.3614e-005	110.7629	2.2204e-016
356	8.6225	29.615	0.08546	295.965	0.078626	92.3539	19.3989	1.312	117.2945	3.4318	5.0027	298.0104	125.9057	2.2204e-016	1.3356e-005	111.1084	2.2204e-016
357	8.623	29.62	0.08533	295.9725	0.077268	92.4347	19.4324	1.313	117.3507	3.2664	5.0029	298.0108	126.1422	2.2204e-016	1.2844e-005	111.3811	2.2204e-016
358	8.623	29.62	0.0851	295.98	0.075947	92.3439	19.4651	1.3145	117.4068	3.1614	5.003	298.0114	126.3728	2.2204e-016	1.2299e-005	111.6335	2.2204e-016
359	8.6225	29.62	0.08497	295.9875	0.074339	92.498	19.4968	1.3165	117.4626	3.3353	5.0029	298.0122	126.5968	2.2204e-016	1.2022e-005	111.9384	2.2204e-016
360	8.6215	29.625	0.08489	295.995	0.072949	92.3039	19.5276	1.319	117.5183	3.2466	5.0028	298.013	126.8141	2.2204e-016	1.1278e-005	112.2198	2.2204e-016
361	8.6215	29.63	0.08486	296	0.071798	92.5669	19.5576	1.3218	117.5739	3.2992	5.0023	298.0138	127.0257	2.2204e-016	1.0867e-005	112.5289	2.2204e-016
362	8.621	29.635	0.08478	296.0025	0.070894	92.1696	19.5868	1.3249	117.6295	3.2756	5.0016	298.0145	127.2327	2.2204e-016	1.046e-005	112.8467	2.2204e-016
363	8.62	29.63	0.08475	296	0.069927	92.3663	19.6155	1.3284	117.6849	3.3073	5.0008	298.015	127.4352	2.2204e-016	1.0253e-005	113.2068	2.2204e-016
364	8.6195	29.625	0.08472	295.9925	0.0691	92.1103	19.6435	1.332	117.7404	3.3777	4.9999	298.0152	127.6337	2.2204e-016	1.0193e-005	113.6015	2.2204e-016
365	8.6185	29.625	0.08469	295.985	0.068322	92.2014	19.671	1.3359	117.7957	3.3698	4.9993	298.0149	127.8284	2.2204e-016	1.0141e-005	113.9438	2.2204e-016
366	8.617	29.625	0.08461	295.975	0.067564	92.1703	19.698	1.3399	117.8511	3.3025	4.9988	298.0144	128.0195	2.2204e-016	1.0138e-005	114.2839	2.2204e-016
367	8.6155	29.63	0.08463	295.9625	0.066656	92.4152	19.7244	1.3441	117.9063	3.2687	4.9985	298.0136	128.2068	2.2204e-016	9.8745e-006	114.6449	2.2204e-016
368	8.6145	29.63	0.08465	295.95	0.066011	92.2752	19.7503	1.3485	117.9615	3.4708	4.9982	298.0126	128.3904	2.2204e-016	9.5136e-006	114.8643	2.2204e-016
369	8.614	29.635	0.08457	295.9375	0.065463	92.1913	19.7758	1.353	118.0168	3.3662	4.9976	298.0118	128.5712	2.2204e-016	9.4963e-006	115.104	2.2204e-016
370	8.6135	29.65	0.08459	295.9225	0.064642	92.3415	19.8008	1.3577	118.0719	3.2619	4.9972	298.0111	128.7488	2.2204e-016	9.398e-006	115.3583	2.2204e-016
371	8.6125	29.665	0.08466	295.905	0.064037	92.3149	19.8253	1.3625	118.1271	3.3901	4.9969	298.0104	128.9231	2.2204e-016	9.0213e-006	115.6176	2.2204e-016
372	8.6115	29.685	0.08478	295.8925	0.063671	92.2505	19.8496	1.3673	118.1823	3.3642	4.9964	298.0097	129.0951	2.2204e-016	8.684e-006	115.8845	2.2204e-016
373	8.6105	29.715	0.0849	295.88	0.063552	92.1018	19.8736	1.3721	118.2377	3.3474	4.9955	298.009	129.2659	2.2204e-016	8.8959e-006	116.0815	2.2204e-016
374	8.61	29.75	0.08497	295.87	0.063521	92.4245	19.8975	1.3768	118.2931	3.399	4.9949	298.0086	129.4362	2.2204e-016	9.1978e-006	116.2771	2.2204e-016
375	8.6095	29.785	0.08509	295.8575	0.06336	92.3269	19.9214	1.3815	118.3486	3.334	4.9947	298.0083	129.6058	2.2204e-016	9.3417e-006	116.463	2.2204e-016
376	8.608	29.825	0.08526	295.8425	0.063305	92.4043	19.9451	1.386	118.4042	3.3619	4.9947	298.0083	129.7748	2.2204e-016	9.3983e-006	116.6873	2.2204e-016
377	8.6055	29.855	0.08533	295.8225	0.063443	92.5171	19.9688	1.3904	118.46	3.2796	4.9947	298.0083	129.9438	2.2204e-016	9.6053e-006	116.9897	2.2204e-016
378	8.604	29.885	0.08545	295.805	0.063333	92.0666	19.9925	1.3947	118.5158	3.3881	4.995	298.008	130.1127	2.2204e-016	9.8435e-006	117.3487	2.2204e-016
379	8.6025	29.915	0.08547	295.7875	0.063287	92.3196	20.0161	1.3989	118.5717	3.3744	4.9955	298.0074	130.2811	2.2204e-016	9.7142e-006	117.6644	2.2204e-016
380	8.601	29.935	0.08544	295.77	0.062951	92.0592	20.0396	1.4031	118.6276	3.2296	4.996	298.0065	130.4485	2.2204e-016	9.9608e-006	118.017	2.2204e-016
381	8.599	29.95	0.08546	295.755	0.062354	92.2182	20.0628	1.4074	118.6835	3.2371	4.9969	298.0053	130.6137	2.2204e-016	9.9955e-006	118.3412	2.2204e-016
382	8.5977	29.9675	0.085555	295.7437	0.061818	92.2826	20.0855	1.4118	118.7394	3.4375	4.9979	298.0038	130.7763	2.2204e-016	9.614e-006	118.6455	2.2204e-016
383	8.597	29.995	0.08555	295.7375	0.061544	92.0175	20.108	1.4163	118.7954	3.3507	4.9987	298.0022	130.9371	2.2204e-016	9.1951e-006	118.8624	2.2204e-016
384	8.5962	30.0275	0.085495	295.7362	0.061057	92.0315	20.1303	1.4208	118.8514	3.3901	4.9991	298.0008	131.096	2.2204e-016	9.2094e-006	118.9896	2.2204e-016
385	8.595	30.055	0.08544	295.7375	0.060342	92.2991	20.1521	1.4254	118.9073	3.3337	4.9997	297.9999	131.2521	2.2204e-016	8.9148e-006	119.1717	2.2204e-016
386	8.5942	30.0825	0.085485	295.7413	0.059548	92.2755	20.1734	1.4301	118.9631	3.3993	5.0002	297.9992	131.4048	2.2204e-016	8.3002e-006	119.2648	2.2204e-016
387	8.5935	30.105	0.08548	295.75	0.059047	92.4161	20.1944	1.435	119.0189	3.3496	5.0003	297.9991	131.5545	2.2204e-016	8.1957e-006	119.3297	2.2204e-016
388	8.5932	30.1225	0.085475	295.7588	0.058502	91.9371	20.2149	1.44	119.0748	3.5014	5.0003	297.9995	131.7017	2.2204e-016	8.3628e-006	119.5166	2.2204e-016
389	8.593	30.145	0.08557	295.77	0.057941	92.3546	20.2351	1.445	119.1306	3.4595	5.0007	298	131.8463	2.2204e-016	8.33e-006	119.716	2.2204e-016
390	8.5927	30.1575	0.085615	295.7863	0.057688	92.3367	20.255	1.4501	119.1865	3.2889	5.0011	298.0005	131.989	2.2204e-016	8.1874e-006	119.8857	2.2204e-016
391	8.5925	30.165	0.08566	295.8025	0.057392	92.5005	20.2747	1.4551	119.2424	3.509	5.0015	298.001	132.1304	2.2204e-016	8.0138e-006	120.0984	2.2204e-016
392	8.5927	30.1625	0.085755	295.8138	0.057084	92.2384	20.2942	1.4601	119.2984	3.4149	5.0018	298.0015	132.2704	2.2204e-016	8.1084e-006	120.337	2.2204e-016
393	8.593	30.15	0.08585	295.825	0.056929	92.2695	20.3135	1.465	119.3545	3.4458	5.0023	298.0018	132.4092	2.2204e-016	7.7695e-006	120.6262	2.2204e-016
394	8.5932	30.1275	0.085995	295.8388	0.056834	92.2324	20.3328	1.4699	119.4106	3.4909	5.0024	298.0018	132.5474	2.2204e-016	7.4763e-006	120.9293	2.2204e-016
395	8.5935	30.11	0.08619	295.8575	0.056922	92.0582	20.352	1.4746	119.4668	3.4574	5.0022	298.0014	132.6854	2.2204e-016	7.2007e-006	121.2351	2.2204e-016
396	8.5947	30.0825	0.086385	295.8763	0.05724	92.2859	20.3713	1.4791	119.5233	3.5044	5.0017	298.0007	132.8243	2.2204e-016	7.1477e-006	121.4459	2.2204e-016
397	8.5965	30.06	0.08663	295.9	0.057642	91.9371	20.3908	1.4833	119.5799	3.3875	5.001	298	132.9645	2.2204e-016	7.3665e-006	121.6092	2.2204e-016
398	8.5977	30.0375	0.086925	295.9212	0.058228	92.026	20.4106	1.4873	119.6367	3.3736	5.0004	297.9996	133.1068	2.2204e-016	7.6499e-006	121.7299	2.2204e-016
399	8.5985	30.015	0.08727	295.945	0.059031	92.1689	20.4307	1.4908	119.6939	3.4651	5	297.9995	133.2521	2.2204e-016	7.8439e-006	121.804	2.2204e-016
