2.2204e-016	8.6	30	2.2204e-016	296	15	99.8931	0.1	2.2204e-016	107	0.53782	5	298	2.2204e-016	2.2204e-016	2.2204e-016	4.4409e-016	2.2204e-016
1	8.5987	29.9425	2.2204e-016	296.0062	14.9784	99.435	0.11074	3.421e-006	106.9734	0.54424	4.9954	298.0002	0.068945	2.2204e-016	2.2221e-016	0.001	2.2204e-016
2	8.5965	29.89	2.2204e-016	296.0075	14.9541	99.4964	0.12263	7.0838e-006	106.9467	0.51622	4.9903	298.0008	0.14524	2.2204e-016	5.0496e-006	0.020828	2.2204e-016
3	8.5943	29.8475	2.2204e-016	296.0087	14.9267	99.7605	0.13578	1.1018e-005	106.9201	0.62127	4.9907	298.0005	0.22964	2.2204e-016	5.386e-006	0.052089	2.2204e-016
4	8.5925	29.815	2.2204e-016	296.0075	14.8961	99.6209	0.15035	1.5258e-005	106.8935	0.59587	4.9909	297.999	0.32306	2.2204e-016	4.5984e-006	0.0001	2.2204e-016
5	8.5913	29.7725	2.2204e-016	296.0062	14.8617	99.4798	0.16647	1.9845e-005	106.8669	0.4627	4.9896	298.0013	0.42645	2.2204e-016	6.1453e-006	0.0001	2.2204e-016
6	8.5895	29.735	2.2204e-016	296.0025	14.8233	99.8471	0.18431	2.4821e-005	106.8403	0.59299	4.9893	298.0043	0.54085	2.2204e-016	7.3883e-006	0.42733	2.2204e-016
7	8.5882	29.7025	2.2204e-016	296.0012	14.7804	99.7196	0.20406	3.0237e-005	106.8137	0.54849	4.9898	297.9905	0.66743	2.2204e-016	7.4785e-006	0.55453	2.2204e-016
8	8.587	29.675	2.2204e-016	295.9975	14.7325	99.4503	0.22591	3.6146e-005	106.7871	0.63427	4.9894	297.9737	0.80745	2.2204e-016	8.0034e-006	0.0001	2.2204e-016
9	8.5857	29.6575	2.2204e-016	295.9937	14.6791	99.6408	0.25009	4.261e-005	106.7606	0.55914	4.9887	297.9792	0.96234	2.2204e-016	9.1695e-006	0.0001	2.2204e-016
10	8.585	29.635	2.2204e-016	295.9875	14.6195	99.2198	0.27684	4.9698e-005	106.734	0.52908	4.9883	297.9858	1.1337	2.2204e-016	9.9851e-006	0.0001	2.2204e-016
11	8.5847	29.6225	2.2204e-016	295.9838	14.5533	99.7076	0.30645	5.7486e-005	106.7075	0.55689	4.9876	297.9934	1.3233	2.2204e-016	1.096e-005	0.0001	2.2204e-016
12	8.5845	29.615	2.2204e-016	295.9825	14.4795	99.287	0.33922	6.6061e-005	106.6809	0.66107	4.9868	298.0024	1.5331	2.2204e-016	1.1888e-005	0.0001	2.2204e-016
13	8.5843	29.6175	2.2204e-016	295.9837	14.3976	99.3384	0.37547	7.5523e-005	106.6544	0.54279	4.9856	298.0127	1.7651	2.2204e-016	1.2923e-005	0.87838	2.2204e-016
14	8.5835	29.615	2.2204e-016	295.9825	14.3065	99.2195	0.41556	8.598e-005	106.6278	0.40726	4.984	297.9942	2.0216	2.2204e-016	1.4458e-005	2.3904	2.2204e-016
15	8.5833	29.6175	2.2204e-016	295.9862	14.2055	98.916	0.45984	9.7559e-005	106.6013	0.44308	4.9825	297.9456	2.3049	2.2204e-016	1.6324e-005	0.0001	2.2204e-016
16	8.582	29.63	2.2204e-016	295.9875	14.0935	99.1201	0.50877	0.0001104	106.5749	0.4998	4.9813	297.961	2.6178	2.2204e-016	1.7989e-005	0.0001	2.2204e-016
17	8.5813	29.6325	2.2204e-016	295.9887	13.9692	98.929	0.56288	0.00012466	106.5484	0.48589	4.9798	297.9784	2.9637	2.2204e-016	1.9679e-005	2.6382	2.2204e-016
18	8.581	29.64	2.2204e-016	295.9925	13.8315	98.5679	0.62263	0.00014054	106.522	0.531	4.978	297.9317	3.3457	2.2204e-016	2.2124e-005	0.0001	2.2204e-016
19	8.5813	29.6525	2.2204e-016	295.9937	13.6791	98.6025	0.68863	0.00015823	106.4956	0.56319	4.9765	297.9539	3.7675	2.2204e-016	2.4493e-005	0.0001	2.2204e-016
20	8.581	29.675	2.2204e-016	295.99	13.5102	98.2028	0.76157	0.00017799	106.4692	0.55476	4.9749	297.979	4.2335	2.2204e-016	2.6882e-005	2.9689	2.2204e-016
21	8.5805	29.705	2.2204e-016	295.99	13.3233	98.1939	0.84208	0.0002001	106.4428	0.50917	4.973	297.9348	4.7478	2.2204e-016	2.9585e-005	0.0001	2.2204e-016
22	8.581	29.74	2.2204e-016	295.9925	13.1167	97.7994	0.93093	0.00022489	106.4164	0.59909	4.9707	297.9663	5.3152	2.2204e-016	3.2718e-005	0.0001	2.2204e-016
23	8.581	29.77	2.2204e-016	295.995	12.8881	97.7568	1.0291	0.00025276	106.39	0.68575	4.9684	298.0016	5.9416	2.2204e-016	3.6054e-005	6.3127	2.2204e-016
24	8.5815	29.795	2.2204e-016	296	12.6358	97.6125	1.1372	0.00028415	106.3636	0.63075	4.9657	297.9194	6.6318	2.2204e-016	3.9593e-005	3.5586	2.2204e-016
25	8.582	29.83	2.2204e-016	296.0075	12.3576	97.5995	1.2562	0.0003196	106.3373	0.60111	4.9628	297.8818	7.3911	2.2204e-016	4.3587e-005	0.0001	2.2204e-016
26	8.5825	29.87	2.2204e-016	296.015	12.0508	97.1191	1.3872	0.00035976	106.311	0.69465	4.9596	297.9308	8.2272	2.2204e-016	4.7631e-005	0.0001	2.2204e-016
27	8.583	29.915	2.2204e-016	296.025	11.7122	96.7193	1.5317	0.0004054	106.2847	0.68963	4.9557	297.9853	9.1487	2.2204e-016	5.2531e-005	4.188	2.2204e-016
28	8.5835	29.95	2.2204e-016	296.0325	11.3392	96.5488	1.6906	0.0004575	106.2583	0.74	4.9515	297.9538	10.1621	2.2204e-016	5.8261e-005	3.1532	2.2204e-016
29	8.584	29.98	2.2204e-016	296.0375	10.9291	96.0101	1.8652	0.0005172	106.232	0.77723	4.9476	297.9456	11.2749	2.2204e-016	6.3995e-005	0.0001	2.2204e-016
30	8.584	30.02	2.2204e-016	296.045	10.4779	95.7221	2.057	0.00058599	106.2057	0.64661	4.9434	298.0202	12.4974	2.2204e-016	7.0153e-005	0.0001	2.2204e-016
31	8.5845	30.055	2.2204e-016	296.0525	9.9816	95.6949	2.2678	0.00066574	106.1792	0.85186	4.9386	298.1029	13.8405	2.2204e-016	7.6814e-005	18.0867	2.2204e-016
32	8.585	30.08	2.2204e-016	296.0575	9.4382	95.0321	2.4983	0.00075888	106.1528	0.86504	4.9335	297.9471	15.309	2.2204e-016	8.4597e-005	21.8558	2.2204e-016
33	8.5855	30.1	2.2204e-016	296.0575	8.8464	94.4317	2.7491	0.0008685	106.1267	0.84697	4.9292	297.7742	16.9058	2.2204e-016	9.2527e-005	0.0001	2.2204e-016
34	8.5865	30.13	2.2204e-016	296.0575	8.2009	94.0481	3.0222	0.00099877	106.1007	0.95715	4.925	297.8859	18.6448	2.2204e-016	0.00010021	0.0001	2.2204e-016
35	8.5875	30.16	2.2204e-016	296.055	7.4963	93.417	3.3201	0.0011556	106.0745	0.98609	4.9197	298.0091	20.5409	2.2204e-016	0.00010873	24.4735	2.2204e-016
36	8.589	30.185	2.2204e-016	296.0525	6.7328	92.9035	3.6424	0.0013475	106.0483	1.0443	4.9144	297.8469	22.5919	2.2204e-016	0.00011856	11.8674	2.2204e-016
37	8.591	30.215	2.2204e-016	296.05	5.9113	92.4579	3.9885	0.001587	106.0223	0.97597	4.9106	297.8128	24.7943	2.2204e-016	0.00012817	0.0001	2.2204e-016
38	8.593	30.25	2.2204e-016	296.045	5.0299	91.8741	4.3593	0.0018938	105.9962	1.0744	4.9077	297.9762	27.1525	2.2204e-016	0.00013696	0.0001	2.2204e-016
39	8.5945	30.29	2.2204e-016	296.045	4.0919	91.4967	4.7529	0.0023022	105.9699	1.1303	4.9056	298.155	29.6557	2.2204e-016	0.00014626	30.7025	2.2204e-016
40	8.596	30.32	2.2204e-016	296.05	3.1162	91.4945	5.1608	0.0028753	105.9435	1.1687	4.9078	297.9982	32.2488	2.2204e-016	0.00015498	36.376	2.2204e-016
41	8.5975	30.345	2.2204e-016	296.0525	2.1391	91.2704	5.5665	0.0037453	105.9174	1.2783	4.9196	297.8252	34.8273	2.2204e-016	0.00015998	0.0001	2.2204e-016
42	8.5985	30.36	2.2204e-016	296.055	1.2222	92.0161	5.9421	0.0052445	105.8913	1.379	4.9486	298.0523	37.2144	2.2204e-016	0.00015778	0.0001	2.2204e-016
43	8.6005	30.375	2.2204e-016	296.0575	0.49044	94.2734	6.2313	0.0084534	105.8648	1.4499	5.0142	298.2929	39.0518	2.2204e-016	0.0001421	68.2488	2.2204e-016
44	8.6015	30.39	0.0448	296.06	0.089284	97.0308	6.3672	0.01775	105.8384	1.4521	5.1542	297.9521	39.915	2.2204e-016	9.4151e-005	59.513	2.2204e-016
45	8.603	30.4	0.04495	296.06	0.099761	96.8644	6.4256	0.033022	105.8572	1.4128	5.3074	297.6834	40.2859	1e-005	2.2204e-016	0.0001	2.2204e-016
46	8.604	30.405	0.0451	296.0575	0.10231	96.7285	6.4877	0.047408	105.8762	1.3486	5.2342	297.9376	40.6802	1e-005	2.2204e-016	4.4832	2.2204e-016
47	8.605	30.405	0.0453	296.0525	0.1035	96.5037	6.5502	0.061244	105.8949	1.4139	5.1713	298.0967	41.0779	2.6509e-006	6.0979e-005	67.5616	2.2204e-016
48	8.606	30.41	0.0455	296.0525	0.10378	96.784	6.6133	0.074621	105.914	1.4591	5.2427	297.7832	41.4784	5.9083e-006	1.4908e-005	18.4249	2.2204e-016
49	8.6065	30.41	0.0457	296.0575	0.10384	96.6024	6.6763	0.087618	105.9335	1.4461	5.2151	297.8011	41.8794	1e-005	2.2204e-016	0.0001	2.2204e-016
50	8.6065	30.405	0.0458	296.065	0.10428	96.6583	6.7392	0.10023	105.953	1.459	5.1545	298.0651	42.2794	4.5117e-006	1.6124e-005	28.8788	2.2204e-016
51	8.6055	30.4	0.04585	296.075	0.10453	96.5302	6.802	0.11247	105.9723	1.4117	5.1364	297.9953	42.6782	5.4007e-006	2.5345e-005	55.0641	2.2204e-016
52	8.604	30.4	0.0458	296.0825	0.10459	96.6741	6.8644	0.12436	105.9921	1.3686	5.1328	297.7655	43.0753	4.8984e-006	2.2204e-016	0.0001	2.2204e-016
53	8.603	30.4	0.0457	296.0925	0.10414	96.536	6.9264	0.13595	106.0116	1.469	5.0903	298.0369	43.4697	6.8383e-006	2.2204e-016	0.0001	2.2204e-016
54	8.6025	30.395	0.04555	296.1025	0.10333	96.4754	6.9877	0.14728	106.0306	1.5339	5.0491	298.3106	43.8603	1.2535e-006	2.4529e-005	80.2023	2.2204e-016
55	8.6025	30.39	0.0454	296.11	0.10246	96.3254	7.0482	0.15838	106.0496	1.4988	5.0517	297.9348	44.2452	3.3342e-006	2.2897e-005	62.7958	2.2204e-016
56	8.603	30.38	0.0453	296.1175	0.10161	96.3819	7.1078	0.16926	106.0689	1.537	5.0497	297.6767	44.6244	2.7148e-006	2.8001e-006	0.0001	2.2204e-016
57	8.603	30.375	0.0452	296.1225	0.10062	96.8587	7.1667	0.17993	106.0882	1.5117	5.022	297.9577	44.9992	3.7141e-006	1.5331e-005	12.641	2.2204e-016
58	8.603	30.36	0.04515	296.1275	0.099437	96.9099	7.2248	0.19041	106.107	1.5596	5.0106	298.0457	45.3695	2.2204e-016	2.546e-005	74.0866	2.2204e-016
59	8.6025	30.34	0.04515	296.13	0.098566	96.3636	7.2822	0.20071	106.1259	1.6087	5.0171	297.7294	45.7349	2.2204e-016	1.8705e-005	3.5915	2.2204e-016
60	8.6015	30.325	0.0452	296.13	0.097632	96.5047	7.3391	0.21082	106.145	1.4718	5.0153	297.9356	46.0973	2.2204e-016	1.2613e-005	0.0001	2.2204e-016
61	8.6005	30.31	0.04535	296.13	0.096589	96.5208	7.3956	0.22076	106.1636	1.4763	5.006	298.2254	46.4575	2.2204e-016	1.812e-005	67.5892	2.2204e-016
62	8.599	30.305	0.0455	296.1325	0.096366	96.4233	7.4516	0.23051	106.1824	1.49	5.0039	297.9364	46.8146	2.2204e-016	1.9402e-005	61.3812	2.2204e-016
63	8.5965	30.295	0.0456	296.1375	0.096642	96.7985	7.5073	0.24	106.2018	1.6274	5.0035	297.7016	47.1697	2.2204e-016	1.6555e-005	0.0001	2.2204e-016
64	8.5945	30.285	0.0457	296.145	0.09636	96.5557	7.5631	0.24925	106.2212	1.6184	4.9996	297.998	47.5252	2.2204e-016	1.7623e-005	9.596	2.2204e-016
65	8.592	30.275	0.04585	296.1525	0.095732	96.336	7.6188	0.25832	106.2404	1.5357	4.997	298.1331	47.8801	2.2204e-016	1.9385e-005	80.3867	2.2204e-016
66	8.59	30.265	0.04605	296.165	0.095711	96.2157	7.674	0.2672	106.2599	1.6101	4.9968	297.7954	48.2326	2.2204e-016	1.8612e-005	20.0065	2.2204e-016
67	8.588	30.255	0.0462	296.1775	0.095956	96.4241	7.7292	0.27585	106.2798	1.5187	4.9957	297.8412	48.5847	2.2204e-016	1.8575e-005	0.0001	2.2204e-016
68	8.5865	30.25	0.04635	296.1875	0.095618	96.3961	7.7846	0.2843	106.2996	1.5951	4.9944	298.1463	48.938	2.2204e-016	1.955e-005	44.3888	2.2204e-016
69	8.586	30.25	0.0465	296.1925	0.095359	96.134	7.8398	0.29259	106.3193	1.7405	4.9944	298.0092	49.2903	2.2204e-016	1.9829e-005	71.3037	2.2204e-016
70	8.586	30.25	0.0467	296.1925	0.095537	96.4722	7.8948	0.30069	106.3396	1.6087	4.9948	297.7336	49.6409	2.2204e-016	1.9856e-005	0.0001	2.2204e-016
71	8.587	30.245	0.047	296.1875	0.095512	96.3398	7.9498	0.30859	106.36	1.6677	4.9952	298.0451	49.9924	2.2204e-016	1.9936e-005	0.0001	2.2204e-016
72	8.5885	30.24	0.04735	296.185	0.095376	96.5336	8.0052	0.31633	106.3802	1.6585	4.9956	298.3587	50.3459	2.2204e-016	1.9947e-005	94.3157	2.2204e-016
73	8.589	30.235	0.0477	296.1825	0.09608	96.2481	8.0606	0.32387	106.4008	1.6305	4.9959	297.9518	50.6998	2.2204e-016	1.9757e-005	72.8386	2.2204e-016
74	8.589	30.23	0.0481	296.1775	0.097379	96.3511	8.1162	0.33114	106.4224	1.5875	4.996	297.6814	51.0548	2.2204e-016	1.9694e-005	0.0001	2.2204e-016
75	8.5885	30.23	0.04855	296.175	0.098348	96.1136	8.1725	0.33813	106.4443	1.5467	4.9956	298.0016	51.4146	2.2204e-016	1.996e-005	25.0767	2.2204e-016
76	8.587	30.235	0.0489	296.1725	0.099288	96.1991	8.2295	0.3449	106.4663	1.6462	4.9953	298.0192	51.7788	2.2204e-016	2.062e-005	89.2101	2.2204e-016
77	8.5855	30.235	0.04925	296.1725	0.10046	96.3824	8.2868	0.35143	106.489	1.6294	4.9956	297.673	52.1452	2.2204e-016	2.0928e-005	0.0001	2.2204e-016
78	8.584	30.245	0.04955	296.1725	0.10123	96.3809	8.3448	0.35774	106.512	1.6143	4.9961	297.9998	52.5155	2.2204e-016	2.0954e-005	0.0001	2.2204e-016
79	8.583	30.255	0.04975	296.1725	0.10125	96.1247	8.4033	0.36391	106.5348	1.7354	4.9963	298.3288	52.8898	2.2204e-016	2.1147e-005	98.6202	2.2204e-016
80	8.583	30.27	0.04985	296.1725	0.10148	96.5357	8.4617	0.36997	106.5578	1.6561	4.9967	297.9214	53.2635	2.2204e-016	2.1745e-005	69.5921	2.2204e-016
81	8.583	30.285	0.04985	296.17	0.10175	96.0653	8.5199	0.37591	106.5815	1.7238	4.9981	297.6851	53.6356	2.2204e-016	2.1932e-005	0.0001	2.2204e-016
82	8.584	30.29	0.0499	296.1625	0.10097	96.2819	8.578	0.38177	106.6051	1.7443	4.9996	298.021	54.0077	2.2204e-016	2.1525e-005	28.1525	2.2204e-016
83	8.586	30.305	0.05	296.1525	0.099998	96.0922	8.6359	0.38765	106.6284	1.7098	5.0008	298.0305	54.3776	2.2204e-016	2.1194e-005	90.3519	2.2204e-016
84	8.588	30.32	0.05015	296.1375	0.099724	95.9838	8.6931	0.3935	106.6522	1.7591	5.0018	297.6948	54.7439	2.2204e-016	2.1049e-005	0.0001	2.2204e-016
85	8.59	30.335	0.0503	296.12	0.099357	96.3362	8.7502	0.39927	106.676	1.8428	5.0027	298.0373	55.1097	2.2204e-016	2.0832e-005	0.0001	2.2204e-016
86	8.592	30.345	0.0504	296.1	0.098532	96.0497	8.8074	0.40503	106.6994	1.6649	5.0033	298.3818	55.4759	2.2204e-016	2.0748e-005	104.7452	2.2204e-016
87	8.594	30.355	0.0505	296.08	0.098183	95.9477	8.8641	0.41077	106.7229	1.7239	5.0041	297.9577	55.8391	2.2204e-016	2.0499e-005	77.3643	2.2204e-016
88	8.595	30.355	0.05065	296.0575	0.098313	95.9488	8.9203	0.41643	106.7472	1.7364	5.0047	297.6965	56.1995	2.2204e-016	2.0314e-005	0.0001	2.2204e-016
89	8.5955	30.355	0.0508	296.04	0.098041	96.0122	8.9767	0.422	106.7715	1.6873	5.005	298.0478	56.5603	2.2204e-016	2.0025e-005	34.3954	2.2204e-016
90	8.5965	30.35	0.05095	296.0275	0.097631	95.9399	9.0329	0.42754	106.7956	1.7836	5.005	298.0273	56.9208	2.2204e-016	1.9927e-005	99.4589	2.2204e-016
91	8.597	30.35	0.05105	296.0175	0.097763	95.9395	9.0888	0.43301	106.8203	1.8405	5.005	297.6673	57.279	2.2204e-016	1.9942e-005	0.0001	2.2204e-016
92	8.598	30.355	0.0512	296.0075	0.097402	95.876	9.1446	0.43841	106.8451	1.9335	5.0051	298.025	57.6372	2.2204e-016	1.9905e-005	0.0001	2.2204e-016
93	8.6	30.36	0.0513	296	0.096609	95.7208	9.2005	0.4438	106.8693	1.8926	5.0051	298.3847	57.9958	2.2204e-016	2.0108e-005	108.4263	2.2204e-016
94	8.6015	30.365	0.05145	295.9975	0.096276	95.8756	9.2559	0.44919	106.8937	1.8858	5.0055	297.9597	58.3514	2.2204e-016	2.0234e-005	78.7085	2.2204e-016
95	8.6025	30.365	0.0515	295.9975	0.096559	95.5986	9.311	0.4545	106.9188	1.7613	5.0063	297.7074	58.7046	2.2204e-016	1.9666e-005	0.0001	2.2204e-016
96	8.6045	30.37	0.0516	295.995	0.096011	95.8161	9.366	0.45974	106.9439	1.8795	5.0063	298.0736	59.0581	2.2204e-016	1.9153e-005	38.8159	2.2204e-016
97	8.6065	30.37	0.05165	295.9925	0.095391	95.8481	9.4209	0.465	106.9688	1.9128	5.0059	298.0377	59.41	2.2204e-016	1.9336e-005	104.5907	2.2204e-016
98	8.609	30.36	0.05165	295.9875	0.095158	95.8823	9.4751	0.47024	106.9941	1.839	5.0058	297.6695	59.7586	2.2204e-016	1.9273e-005	0.0001	2.2204e-016
99	8.612	33.3795	0.05175	295.98	0.094374	95.9643	9.5292	0.47545	107.0194	1.8993	5.0058	298.042	60.1056	2.2204e-016	1.8858e-005	0.0001	2.2204e-016
100	8.6145	33.3575	0.05195	295.97	0.09333	95.746	9.583	0.48071	107.0441	1.7728	5.0054	298.4164	60.4517	2.2204e-016	1.869e-005	114.3323	2.2204e-016
101	8.6165	33.33	0.0522	295.965	0.093277	95.7295	9.6364	0.48597	107.069	1.9248	5.0049	297.9791	60.7949	2.2204e-016	1.8461e-005	84.2191	2.2204e-016
102	8.6175	33.308	0.0524	295.965	0.094003	96.2662	9.6897	0.4911	107.0949	1.7723	5.0043	297.7144	61.1371	2.2204e-016	1.8474e-005	0.0001	2.2204e-016
103	8.6175	33.275	0.0526	295.965	0.094123	96.3579	9.7432	0.4961	107.1208	1.793	5.0035	298.095	61.4815	2.2204e-016	1.8827e-005	44.6848	2.2204e-016
104	8.618	33.2365	0.05275	295.9675	0.094075	96.0318	9.7969	0.50104	107.1466	1.8571	5.0031	298.0355	61.8266	2.2204e-016	1.9229e-005	111.9169	2.2204e-016
105	8.6185	33.1925	0.0529	295.9725	0.094362	95.7612	9.8503	0.50592	107.173	1.8974	5.0032	297.6519	62.1702	2.2204e-016	1.9122e-005	0.0001	2.2204e-016
106	8.6195	33.154	0.053	295.975	0.094229	95.9347	9.9038	0.5107	107.1995	2.0367	5.0032	298.0388	62.5145	2.2204e-016	1.8822e-005	0.0001	2.2204e-016
107	8.621	33.11	0.05305	295.9775	0.093375	95.848	9.9574	0.51551	107.2254	1.9688	5.0028	298.4275	62.8593	2.2204e-016	1.9292e-005	118.5117	2.2204e-016
108	8.6235	33.0715	0.05305	295.9825	0.092875	95.4516	10.0104	0.52036	107.2514	1.9174	5.0032	297.9855	63.2007	2.2204e-016	1.9166e-005	86.9244	2.2204e-016
109	8.6255	33.033	0.0531	295.9825	0.092623	95.8086	10.0628	0.5252	107.278	1.9894	5.0038	297.7231	63.5383	2.2204e-016	1.8478e-005	0.0001	2.2204e-016
110	8.6265	33	0.05315	295.98	0.091945	95.756	10.1151	0.53003	107.3046	1.9484	5.0035	298.118	63.8749	2.2204e-016	1.8263e-005	49.3795	2.2204e-016
111	8.6275	32.9725	0.0532	295.9775	0.091191	95.8455	10.167	0.5349	107.3309	1.9121	5.0031	298.0436	64.2093	2.2204e-016	1.8376e-005	117.2279	2.2204e-016
112	8.6275	32.934	0.0532	295.975	0.090949	95.7744	10.2183	0.53979	107.3576	1.9337	5.0031	297.6523	64.54	2.2204e-016	1.8271e-005	0.0001	2.2204e-016
113	8.6265	32.89	0.0533	295.9675	0.090192	95.1357	10.2694	0.54467	107.3844	1.9542	5.0031	298.0531	64.8692	2.2204e-016	1.7937e-005	5.0361	2.2204e-016
114	8.6265	32.8405	0.0533	295.9575	0.089284	95.5289	10.3203	0.5496	107.4106	2.0052	5.0028	298.3493	65.1973	2.2204e-016	1.7767e-005	123.5402	2.2204e-016
115	8.627	32.791	0.05335	295.9425	0.088676	95.4653	10.3705	0.55459	107.4369	1.9959	5.0025	297.9087	65.5213	2.2204e-016	1.7914e-005	62.2254	2.2204e-016
116	8.6265	32.7305	0.0534	295.93	0.08844	95.5671	10.4202	0.55956	107.4638	2.0165	5.0026	297.7857	65.8421	2.2204e-016	1.7929e-005	0.0001	2.2204e-016
117	8.6255	32.681	0.05355	295.92	0.087726	95.3636	10.4698	0.56452	107.4905	2.033	5.0028	298.1941	66.1621	2.2204e-016	1.7547e-005	58.4707	2.2204e-016
118	8.6235	32.6425	0.05375	295.915	0.087345	95.6245	10.5192	0.5695	107.517	1.8725	5.0027	298.0768	66.4805	2.2204e-016	1.7686e-005	114.564	2.2204e-016
119	8.621	32.6095	0.0539	295.915	0.087697	95.4949	10.5682	0.57441	107.5442	2.0678	5.0028	297.7071	66.7972	2.2204e-016	1.7737e-005	1.3895	2.2204e-016
120	8.6185	32.571	0.054	295.92	0.087647	95.7307	10.6174	0.57922	107.5716	2.0096	5.0029	298.0797	67.1148	2.2204e-016	1.7369e-005	18.6709	2.2204e-016
121	8.617	32.5435	0.0541	295.92	0.087114	95.4925	10.6666	0.58401	107.5985	2.0439	5.0026	298.2419	67.4325	2.2204e-016	1.7754e-005	120.9935	2.2204e-016
122	8.6165	32.5215	0.05415	295.915	0.086979	95.7036	10.7154	0.58881	107.6257	2.0985	5.0029	297.8368	67.7476	2.2204e-016	1.7665e-005	39.5681	2.2204e-016
123	8.617	32.5105	0.05425	295.9075	0.086746	95.3474	10.7639	0.59355	107.6534	2.0666	5.0032	297.8602	68.0611	2.2204e-016	1.6951e-005	5.5313	2.2204e-016
124	8.6165	32.505	0.05435	295.9025	0.086227	95.2408	10.8123	0.5983	107.6808	2.0405	5.0027	298.1709	68.3741	2.2204e-016	1.6728e-005	68.8862	2.2204e-016
125	8.6155	32.505	0.0545	295.8975	0.085848	95.3888	10.8604	0.60305	107.7082	2.1639	5.002	298.0132	68.6853	2.2204e-016	1.6727e-005	82.5859	2.2204e-016
126	8.614	32.505	0.0547	295.895	0.085946	95.6521	10.9083	0.60776	107.7361	2.1093	5.0015	297.8015	68.9947	2.2204e-016	1.6636e-005	6.4424	2.2204e-016
127	8.612	32.516	0.055	295.89	0.085987	95.723	10.9562	0.61238	107.764	2.0363	5.0007	298.1067	69.3049	2.2204e-016	1.6211e-005	33.2382	2.2204e-016
128	8.6095	32.527	0.0553	295.885	0.086276	95.3998	11.0044	0.61692	107.7919	2.0988	4.9994	298.1684	69.6164	2.2204e-016	1.6442e-005	100.0013	2.2204e-016
129	8.6075	32.5435	0.05555	295.8825	0.087028	95.7554	11.0526	0.62133	107.8204	2.068	4.9983	297.871	69.9287	2.2204e-016	1.7025e-005	33.3045	2.2204e-016
130	8.6065	32.5655	0.0558	295.88	0.087641	95.4426	11.1012	0.62558	107.8493	2.2535	4.9978	297.9465	70.2431	2.2204e-016	1.6907e-005	20.3839	2.2204e-016
131	8.6055	32.5765	0.056	295.88	0.087953	95.4636	11.1501	0.62971	107.8782	2.045	4.997	298.1169	70.5597	2.2204e-016	1.6971e-005	72.3968	2.2204e-016
132	8.6055	32.5985	0.05615	295.88	0.088216	95.3765	11.199	0.63377	107.9072	2.1986	4.9963	297.9582	70.877	2.2204e-016	1.7188e-005	58.8628	2.2204e-016
133	8.6065	32.6315	0.0562	295.885	0.088397	95.3151	11.248	0.63776	107.9367	2.0661	4.9957	297.8822	71.1942	2.2204e-016	1.7335e-005	18.1983	2.2204e-016
134	8.6065	32.6755	0.0563	295.8875	0.087976	95.4428	11.2969	0.64174	107.966	2.0718	4.9954	298.0787	71.5111	2.2204e-016	1.7453e-005	46.0044	2.2204e-016
135	8.607	32.7195	0.0564	295.8925	0.08755	95.487	11.3456	0.64576	107.9953	2.0892	4.9953	298.0725	71.8266	2.2204e-016	1.761e-005	73.2602	2.2204e-016
136	8.6085	32.769	0.05655	295.8975	0.087328	95.3433	11.3939	0.6498	108.0249	2.067	4.9956	297.9204	72.1402	2.2204e-016	1.7371e-005	32.7827	2.2204e-016
137	8.611	32.813	0.05665	295.9	0.08722	94.9018	11.4422	0.65382	108.0546	2.1556	4.9956	298.0104	72.4531	2.2204e-016	1.7305e-005	34.8661	2.2204e-016
138	8.6145	32.8515	0.0568	295.8975	0.086885	95.7265	11.4903	0.65785	108.0842	2.1151	4.9955	298.0841	72.7653	2.2204e-016	1.7192e-005	67.4361	2.2204e-016
139	8.6175	32.8955	0.0569	295.8925	0.086795	95.1795	11.5382	0.66188	108.1141	2.1673	4.9955	297.9662	73.0763	2.2204e-016	1.7064e-005	49.8411	2.2204e-016
140	8.6205	32.9505	0.057	295.8825	0.086634	95.6652	11.586	0.66589	108.1442	2.2041	4.9953	297.953	73.3864	2.2204e-016	1.7108e-005	32.8506	2.2204e-016
141	8.623	33	0.05715	295.875	0.086323	95.4985	11.6336	0.6699	108.1742	2.0495	4.9952	298.0485	73.6956	2.2204e-016	1.6913e-005	53.9289	2.2204e-016
142	8.6245	33.044	0.05735	295.8725	0.086177	94.8516	11.681	0.67392	108.2044	2.0704	4.995	298.011	74.0038	2.2204e-016	1.7084e-005	58.2823	2.2204e-016
143	8.6255	33.0825	0.0575	295.8725	0.086316	95.2986	11.7284	0.67789	108.2349	2.2532	4.995	297.9535	74.3116	2.2204e-016	1.7425e-005	37.7184	2.2204e-016
144	8.627	33.1265	0.05765	295.8675	0.086294	95.3284	11.7758	0.68182	108.2654	2.1501	4.9953	298.0222	74.6196	2.2204e-016	1.7387e-005	45.3232	2.2204e-016
145	8.6295	33.1705	0.0577	295.8625	0.086197	95.4093	11.8231	0.68574	108.2961	2.1325	4.9957	298.0417	74.9275	2.2204e-016	1.7509e-005	59.5928	2.2204e-016
146	8.6315	33.2145	0.05775	295.8575	0.085833	95.3666	11.8703	0.68966	108.3268	2.1725	4.9963	297.9808	75.234	2.2204e-016	1.7755e-005	46.8998	2.2204e-016
147	8.633	33.2475	0.05775	295.8575	0.085364	95.3556	11.9171	0.69362	108.3576	2.2131	4.9973	297.9968	75.5388	2.2204e-016	1.7938e-005	43.4547	2.2204e-016
148	8.6345	33.286	0.0577	295.8575	0.084646	95.2991	11.9636	0.69766	108.3884	2.137	4.9986	298.0345	75.8412	2.2204e-016	1.7944e-005	55.9344	2.2204e-016
149	8.6365	33.319	0.05765	295.86	0.083733	95.3158	12.0096	0.7018	108.4191	2.2198	5.0002	297.9995	76.1403	2.2204e-016	1.7624e-005	53.0911	2.2204e-016
150	8.6375	33.341	0.05765	295.86	0.082781	95.5306	12.0549	0.70606	108.4497	2.2494	5.0017	297.9842	76.4357	2.2204e-016	1.7493e-005	45.0092	2.2204e-016
151	8.638	33.374	0.05775	295.8575	0.081944	95.3244	12.0997	0.71042	108.4804	2.2276	5.0033	298.0184	76.7276	2.2204e-016	1.7267e-005	51.6952	2.2204e-016
152	8.6375	33.4015	0.0579	295.8575	0.081473	95.1967	12.1442	0.71485	108.5111	2.2327	5.0047	298.0133	77.0171	2.2204e-016	1.6784e-005	55.2398	2.2204e-016
153	8.6365	33.4235	0.0581	295.855	0.081313	95.2172	12.1884	0.71926	108.542	2.155	5.0057	297.9904	77.3053	2.2204e-016	1.6431e-005	48.4527	2.2204e-016
154	8.6365	33.44	0.05835	295.855	0.0814	95.3094	12.2326	0.72362	108.5731	2.206	5.0062	298.0091	77.5933	2.2204e-016	1.6387e-005	49.8919	2.2204e-016
155	8.636	33.451	0.05865	295.855	0.081715	95.1768	12.2769	0.72789	108.6044	2.1861	5.0066	298.02	77.8821	2.2204e-016	1.6095e-005	55.2778	2.2204e-016
156	8.635	33.462	0.05885	295.8575	0.082287	95.0267	12.3214	0.73201	108.636	2.268	5.0066	298.0016	78.1726	2.2204e-016	1.6075e-005	52.2365	2.2204e-016
157	8.6335	33.473	0.05905	295.86	0.082618	94.966	12.3662	0.73602	108.6678	2.2483	5.0064	298.0031	78.4645	2.2204e-016	1.6322e-005	50.5864	2.2204e-016
158	8.631	33.4785	0.0592	295.8675	0.082856	95.1796	12.411	0.73993	108.6998	2.2459	5.0065	298.0156	78.7574	2.2204e-016	1.6298e-005	54.636	2.2204e-016
159	8.6295	33.473	0.05945	295.8725	0.082912	95.2808	12.4559	0.74379	108.7319	2.2437	5.0065	298.0062	79.0506	2.2204e-016	1.6175e-005	54.4603	2.2204e-016
160	8.6275	33.462	0.05965	295.88	0.083241	95.3185	12.5009	0.74757	108.7643	2.2692	5.0064	298.0002	79.3444	2.2204e-016	1.6277e-005	52.0105	2.2204e-016
161	8.6255	33.451	0.0598	295.89	0.083481	95.2299	12.5461	0.75127	108.7968	2.2389	5.0063	298.01	79.6391	2.2204e-016	1.6396e-005	54.06	2.2204e-016
162	8.6245	33.44	0.05995	295.895	0.08353	94.9315	12.5912	0.75492	108.8295	2.2785	5.0063	298.0094	79.9342	2.2204e-016	1.6146e-005	55.5481	2.2204e-016
163	8.623	33.4235	0.0601	295.9	0.083531	95.183	12.6364	0.75854	108.8624	2.2194	5.006	298.0024	80.2291	2.2204e-016	1.5975e-005	53.8433	2.2204e-016
164	8.6215	33.396	0.06025	295.91	0.083517	94.8522	12.6814	0.76214	108.8954	2.3248	5.0056	298.007	80.5238	2.2204e-016	1.6043e-005	54.3307	2.2204e-016
165	8.619	33.374	0.0605	295.9225	0.083495	94.9868	12.7264	0.76571	108.9285	2.2622	5.0052	298.0103	80.8182	2.2204e-016	1.6183e-005	56.0773	2.2204e-016
166	8.6175	33.3575	0.0608	295.9375	0.083793	94.755	12.7715	0.76923	108.9619	2.248	5.005	298.0056	81.113	2.2204e-016	1.5852e-005	55.4879	2.2204e-016
167	8.617	33.352	0.0611	295.9475	0.084353	95.1956	12.8168	0.77265	108.9955	2.3885	5.0042	298.0062	81.4094	2.2204e-016	1.5529e-005	55.2476	2.2204e-016
168	8.616	33.3355	0.0615	295.9575	0.084998	95.022	12.8624	0.77594	109.0295	2.2808	5.003	298.0098	81.7078	2.2204e-016	1.5581e-005	56.6343	2.2204e-016
169	8.6145	33.319	0.0619	295.9625	0.085993	95.0779	12.9084	0.77906	109.0638	2.3735	5.0016	298.0073	82.0093	2.2204e-016	1.5754e-005	56.8518	2.2204e-016
170	8.614	33.3135	0.0622	295.9725	0.087094	94.8684	12.955	0.78198	109.0986	2.3508	5.0002	298.0056	82.3145	2.2204e-016	1.6071e-005	56.4518	2.2204e-016
171	8.614	33.3025	0.0624	295.98	0.087897	94.9187	13.0021	0.78473	109.1336	2.4884	4.9989	298.008	82.6231	2.2204e-016	1.6535e-005	57.2789	2.2204e-016
172	8.6145	33.286	0.06265	295.9825	0.088278	94.66	13.0495	0.78741	109.1688	2.2455	4.9981	298.0076	82.9336	2.2204e-016	1.6955e-005	57.8673	2.2204e-016
173	8.6145	33.264	0.06295	295.9825	0.088677	94.6003	13.097	0.79003	109.2043	2.4071	4.9976	298.0059	83.2454	2.2204e-016	1.6945e-005	57.6958	2.2204e-016
174	8.6135	33.2365	0.06315	295.9825	0.089237	94.6244	13.1448	0.79257	109.24	2.4165	4.9971	298.007	83.5588	2.2204e-016	1.7149e-005	58.1684	2.2204e-016
175	8.612	33.22	0.0633	295.985	0.089522	95.0923	13.1928	0.79507	109.276	2.4322	4.9967	298.0074	83.8736	2.2204e-016	1.7515e-005	58.8073	2.2204e-016
176	8.61	33.2035	0.0635	295.9825	0.089555	94.8265	13.2408	0.79757	109.3121	2.3975	4.9967	298.0062	84.1887	2.2204e-016	1.7554e-005	58.8382	2.2204e-016
177	8.608	33.187	0.0637	295.9775	0.089664	94.6893	13.2889	0.80007	109.3483	2.3961	4.9968	298.0067	84.5039	2.2204e-016	1.7476e-005	59.0794	2.2204e-016
178	8.607	33.176	0.06385	295.97	0.089797	94.6382	13.3369	0.80258	109.3848	2.4768	4.9968	298.0078	84.8194	2.2204e-016	1.7641e-005	59.6652	2.2204e-016
179	8.6055	33.176	0.0639	295.965	0.089775	94.5251	13.3849	0.8051	109.4214	2.3569	4.9969	298.0075	85.1349	2.2204e-016	1.7961e-005	59.9962	2.2204e-016
180	8.6045	33.1705	0.064	295.96	0.08938	94.9192	13.4328	0.80769	109.4581	2.3785	4.9975	298.0073	85.4493	2.2204e-016	1.8053e-005	60.1986	2.2204e-016
181	8.6035	33.1595	0.06405	295.95	0.089023	94.8504	13.4804	0.81037	109.4948	2.4322	4.9983	298.0079	85.7621	2.2204e-016	1.7903e-005	60.6872	2.2204e-016
182	8.6015	33.143	0.06415	295.9425	0.08852	94.7472	13.5276	0.81315	109.5316	2.4588	4.9991	298.0078	86.0731	2.2204e-016	1.8072e-005	61.1052	2.2204e-016
183	8.6005	33.132	0.06425	295.935	0.088131	94.7319	13.5746	0.81602	109.5685	2.3321	5.0002	298.0072	86.3822	2.2204e-016	1.7843e-005	61.3679	2.2204e-016
184	8.5995	33.132	0.0643	295.925	0.087779	94.865	13.6214	0.81896	109.6054	2.4611	5.0011	298.0071	86.6898	2.2204e-016	1.7405e-005	61.7813	2.2204e-016
185	8.5995	33.121	0.06425	295.9125	0.087288	94.8255	13.6678	0.82199	109.6424	2.4652	5.0016	298.0066	86.9955	2.2204e-016	1.6999e-005	62.167	2.2204e-016
186	8.5985	33.099	0.06415	295.8975	0.086447	94.8741	13.7138	0.82516	109.6794	2.4598	5.0018	298.006	87.2983	2.2204e-016	1.6979e-005	62.3868	2.2204e-016
187	8.597	33.0715	0.064	295.885	0.085339	94.4433	13.7591	0.82851	109.7162	2.4595	5.0023	298.006	87.597	2.2204e-016	1.7061e-005	62.725	2.2204e-016
188	8.5965	33.0495	0.0638	295.875	0.083989	94.5015	13.8037	0.8321	109.7529	2.446	5.0032	298.006	87.8906	2.2204e-016	1.673e-005	63.1273	2.2204e-016
189	8.5955	33.022	0.0636	295.8675	0.082408	94.8183	13.8473	0.83596	109.7894	2.5781	5.0041	298.0055	88.1782	2.2204e-016	1.6336e-005	63.4277	2.2204e-016
190	8.594	32.989	0.0635	295.855	0.080765	94.7987	13.8899	0.84011	109.8256	2.5887	5.005	298.0053	88.4593	2.2204e-016	1.5855e-005	63.7773	2.2204e-016
191	8.5925	32.956	0.06345	295.845	0.079432	94.7951	13.9316	0.84451	109.8618	2.4442	5.0057	298.0048	88.7344	2.2204e-016	1.5088e-005	64.2004	2.2204e-016
192	8.5915	32.9285	0.06335	295.8375	0.078373	94.6239	13.9726	0.8491	109.8979	2.5239	5.0058	298.0038	89.0045	2.2204e-016	1.4793e-005	64.4943	2.2204e-016
193	8.5915	32.912	0.0632	295.835	0.07725	94.64	14.0128	0.85385	109.9338	2.519	5.0059	298.0029	89.2701	2.2204e-016	1.4894e-005	64.756	2.2204e-016
194	8.5925	32.901	0.06315	295.835	0.075949	94.5378	14.0523	0.8588	109.9697	2.5625	5.0064	298.0023	89.5307	2.2204e-016	1.4449e-005	65.011	2.2204e-016
195	8.594	32.879	0.06305	295.83	0.074917	94.5843	14.091	0.8639	110.0054	2.5127	5.0067	298.0019	89.7864	2.2204e-016	1.4181e-005	65.2707	2.2204e-016
196	8.5965	32.857	0.063	295.8275	0.073818	94.8246	14.129	0.86915	110.0411	2.4963	5.007	298.0017	90.0376	2.2204e-016	1.3929e-005	65.4993	2.2204e-016
197	8.5985	32.835	0.0629	295.8275	0.072863	94.6369	14.1664	0.87453	110.0767	2.5322	5.0072	298.0018	90.2846	2.2204e-016	1.3791e-005	65.7574	2.2204e-016
198	8.5995	32.813	0.06285	295.8275	0.071798	94.6229	14.2031	0.88004	110.1122	2.4528	5.0076	298.002	90.5273	2.2204e-016	1.3587e-005	66.0569	2.2204e-016
199	8.6005	32.7855	0.06285	295.8275	0.070863	94.6469	14.2391	0.88567	110.1476	2.5271	5.008	298.0021	90.7659	2.2204e-016	1.3188e-005	66.3215	2.2204e-016
200	8.602	32.769	0.0629	295.83	0.070138	94.2836	14.2746	0.89136	110.1831	2.4358	5.0082	298.0023	91.0009	2.2204e-016	1.2656e-005	66.6605	2.2204e-016
201	8.6035	32.758	0.063	295.835	0.069649	94.9146	14.3098	0.89707	110.2185	2.6382	5.0079	298.002	91.2334	2.2204e-016	1.2329e-005	66.9507	2.2204e-016
202	8.606	32.7525	0.063	295.84	0.069406	94.4604	14.3446	0.90274	110.2541	2.5274	5.0073	298.0017	91.4643	2.2204e-016	1.1953e-005	67.1799	2.2204e-016
203	8.608	32.7525	0.063	295.845	0.068926	94.9141	14.3792	0.90837	110.2896	2.6043	5.0064	298.0016	91.6933	2.2204e-016	1.2135e-005	67.4494	2.2204e-016
204	8.61	32.7415	0.06305	295.8475	0.068374	94.5361	14.4134	0.91401	110.3252	2.6827	5.0059	298.0015	91.92	2.2204e-016	1.2473e-005	67.6882	2.2204e-016
205	8.6115	32.736	0.0632	295.85	0.067953	94.6433	14.4473	0.91964	110.3607	2.5186	5.0059	298.0015	92.1446	2.2204e-016	1.2485e-005	67.923	2.2204e-016
206	8.6135	32.736	0.06335	295.85	0.067893	94.4376	14.481	0.9252	110.3965	2.555	5.006	298.0016	92.3681	2.2204e-016	1.2556e-005	68.212	2.2204e-016
207	8.6155	32.7305	0.06355	295.8525	0.067948	94.7886	14.5147	0.93062	110.4323	2.5447	5.0062	298.0016	92.5915	2.2204e-016	1.2516e-005	68.4649	2.2204e-016
208	8.617	32.725	0.0637	295.8525	0.068199	94.5155	14.5484	0.93589	110.4684	2.5663	5.0063	298.0016	92.8154	2.2204e-016	1.2382e-005	68.675	2.2204e-016
209	8.6195	32.7305	0.06385	295.8525	0.068355	94.4862	14.5823	0.94099	110.5046	2.6479	5.0062	298.0018	93.04	2.2204e-016	1.2304e-005	68.932	2.2204e-016
210	8.6215	32.7305	0.06395	295.8575	0.068481	94.5688	14.6161	0.94596	110.5409	2.4807	5.006	298.0021	93.2649	2.2204e-016	1.2226e-005	69.1366	2.2204e-016
211	8.624	32.7305	0.06405	295.865	0.068439	94.6524	14.65	0.95081	110.5773	2.6663	5.0057	298.0027	93.4897	2.2204e-016	1.2386e-005	69.3097	2.2204e-016
212	8.6255	32.7305	0.06415	295.8725	0.06834	94.2732	14.6838	0.9556	110.6139	2.6476	5.0056	298.0036	93.7141	2.2204e-016	1.2132e-005	69.6185	2.2204e-016
213	8.626	32.725	0.06425	295.8775	0.068225	94.2074	14.7174	0.96031	110.6505	2.6208	5.0053	298.0043	93.9378	2.2204e-016	1.1857e-005	69.9594	2.2204e-016
214	8.626	32.725	0.0643	295.88	0.06811	94.5535	14.751	0.96497	110.6871	2.6521	5.0047	298.0045	94.1609	2.2204e-016	1.1743e-005	70.2731	2.2204e-016
215	8.626	32.736	0.06445	295.885	0.067839	94.4716	14.7844	0.96959	110.7239	2.5981	5.004	298.0045	94.3829	2.2204e-016	1.1553e-005	70.6325	2.2204e-016
216	8.625	32.7525	0.06455	295.8925	0.067841	94.1091	14.8176	0.97415	110.7608	2.7051	5.0031	298.004	94.6041	2.2204e-016	1.173e-005	71.0247	2.2204e-016
217	8.6245	32.7635	0.06475	295.9025	0.067771	94.5656	14.8508	0.97863	110.7977	2.6362	5.0025	298.0028	94.825	2.2204e-016	1.1485e-005	71.2867	2.2204e-016
218	8.625	32.7745	0.06495	295.91	0.068	94.2839	14.884	0.98301	110.8349	2.599	5.0016	298.0018	95.046	2.2204e-016	1.1362e-005	71.4771	2.2204e-016
219	8.625	32.7855	0.0652	295.92	0.068329	94.4573	14.9173	0.98723	110.8722	2.6166	5.0004	298.0012	95.268	2.2204e-016	1.1501e-005	71.6967	2.2204e-016
220	8.624	29.81	0.06535	295.9275	0.068849	94.5591	14.9509	0.99126	110.9098	2.7299	4.9994	298.0009	95.4914	2.2204e-016	1.1738e-005	71.8285	2.2204e-016
221	8.623	29.82	0.0655	295.935	0.069104	94.2853	14.9846	0.99514	110.9476	2.6526	4.9985	298.0012	95.7162	2.2204e-016	1.2002e-005	72.01	2.2204e-016
222	8.621	29.83	0.06575	295.9425	0.069267	93.9964	15.0184	0.99891	110.9854	2.6398	4.9979	298.0019	95.9415	2.2204e-016	1.2279e-005	72.315	2.2204e-016
223	8.619	29.83	0.066	295.95	0.069715	94.0873	15.0524	1.0025	111.0236	2.6877	4.9976	298.0024	96.1679	2.2204e-016	1.2217e-005	72.6162	2.2204e-016
224	8.6175	29.835	0.0663	295.9625	0.070253	94.2341	15.0866	1.006	111.0619	2.6583	4.9971	298.0028	96.3962	2.2204e-016	1.2125e-005	72.896	2.2204e-016
225	8.6155	29.845	0.06655	295.9725	0.07098	94.2676	15.1211	1.0092	111.1006	2.6908	4.9963	298.003	96.6268	2.2204e-016	1.2442e-005	73.2355	2.2204e-016
226	8.6135	29.86	0.06675	295.985	0.071603	94.1378	15.1561	1.0123	111.1394	2.6644	4.9957	298.003	96.8599	2.2204e-016	1.2488e-005	73.5658	2.2204e-016
227	8.6115	29.88	0.06695	295.995	0.072028	94.2842	15.1912	1.0152	111.1785	2.7096	4.9951	298.0027	97.0949	2.2204e-016	1.2387e-005	73.8478	2.2204e-016
228	8.609	29.905	0.0672	296.005	0.072389	94.1645	15.2266	1.018	111.2178	2.7653	4.9942	298.0025	97.3312	2.2204e-016	1.267e-005	74.1021	2.2204e-016
229	8.606	29.92	0.06745	296.015	0.072886	94.0778	15.2622	1.0207	111.2573	2.6643	4.9936	298.0024	97.5691	2.2204e-016	1.2953e-005	74.3286	2.2204e-016
230	8.6035	29.94	0.06765	296.0225	0.073418	93.8447	15.2981	1.0232	111.297	2.7341	4.9932	298.0026	97.8088	2.2204e-016	1.3289e-005	74.6208	2.2204e-016
231	8.6005	29.96	0.06785	296.0275	0.073795	94.003	15.3342	1.0256	111.337	2.6746	4.9931	298.0028	98.0502	2.2204e-016	1.3609e-005	74.9146	2.2204e-016
232	8.598	29.98	0.068	296.035	0.074113	94.0665	15.3704	1.0279	111.3771	2.684	4.9933	298.003	98.2927	2.2204e-016	1.4021e-005	75.1339	2.2204e-016
233	8.596	30	0.06815	296.04	0.074243	94.1042	15.4068	1.0302	111.4174	2.7064	4.9939	298.0035	98.536	2.2204e-016	1.4132e-005	75.3779	2.2204e-016
234	8.5935	30.015	0.06825	296.045	0.074308	93.9072	15.4432	1.0325	111.4578	2.6992	4.9946	298.0043	98.7795	2.2204e-016	1.4263e-005	75.6727	2.2204e-016
235	8.591	30.025	0.0683	296.05	0.074188	93.8796	15.4795	1.0348	111.4983	2.6857	4.9955	298.0049	99.0228	2.2204e-016	1.43e-005	75.9227	2.2204e-016
236	8.5895	30.03	0.06835	296.05	0.073848	94.0799	15.5156	1.0372	111.5388	2.6413	4.9965	298.0058	99.265	2.2204e-016	1.3904e-005	76.1337	2.2204e-016
237	8.5885	30.04	0.0683	296.045	0.073442	94.103	15.5515	1.0397	111.5794	2.6672	4.9971	298.007	99.5054	2.2204e-016	1.3847e-005	76.443	2.2204e-016
238	8.587	30.05	0.0683	296.0425	0.0727	93.8829	15.587	1.0423	111.6199	2.7697	4.9979	298.008	99.7433	2.2204e-016	1.3912e-005	76.7857	2.2204e-016
239	8.5865	30.06	0.0682	296.035	0.072009	93.7478	15.622	1.0451	111.6604	2.8304	4.9989	298.0087	99.9781	2.2204e-016	1.347e-005	77.0907	2.2204e-016
240	8.587	30.07	0.06815	296.0275	0.071021	93.87	15.6565	1.0482	111.7007	2.6721	4.9996	298.0092	100.2094	2.2204e-016	1.3293e-005	77.4334	2.2204e-016
241	8.587	30.07	0.06815	296.02	0.070103	93.8995	15.6903	1.0514	111.7411	2.7224	5.0004	298.0094	100.4366	2.2204e-016	1.3285e-005	77.785	2.2204e-016
242	8.588	30.07	0.0681	296.0125	0.069371	93.9678	15.7237	1.0548	111.7814	2.8034	5.0014	298.0092	100.6603	2.2204e-016	1.3104e-005	78.0381	2.2204e-016
243	8.589	30.075	0.068	296.0075	0.06854	93.2892	15.7565	1.0584	111.8216	2.7554	5.0025	298.0091	100.8808	2.2204e-016	1.2834e-005	78.3091	2.2204e-016
244	8.589	30.085	0.06785	296	0.067525	94.1111	15.7887	1.0622	111.8618	2.8375	5.0034	298.009	101.0972	2.2204e-016	1.2643e-005	78.6228	2.2204e-016
245	8.59	30.09	0.06765	295.9975	0.066293	93.5514	15.8202	1.0663	111.9018	2.7251	5.0045	298.0087	101.3089	2.2204e-016	1.2093e-005	78.9017	2.2204e-016
246	8.5915	30.09	0.0675	295.995	0.06484	93.7109	15.8508	1.0707	111.9415	2.7503	5.0053	298.0083	101.5148	2.2204e-016	1.1683e-005	79.1494	2.2204e-016
247	8.593	30.09	0.0674	295.9925	0.063483	93.5936	15.8805	1.0754	111.9811	2.6729	5.006	298.0079	101.7148	2.2204e-016	1.151e-005	79.4048	2.2204e-016
248	8.5955	30.08	0.0673	295.99	0.062323	93.7298	15.9095	1.0803	112.0206	2.723	5.0068	298.0075	101.9096	2.2204e-016	1.112e-005	79.7019	2.2204e-016
249	8.5975	30.08	0.06715	295.99	0.061236	93.6384	15.9377	1.0855	112.06	2.8589	5.0075	298.0069	102.0995	2.2204e-016	1.0737e-005	80.0189	2.2204e-016
250	8.6	30.08	0.0671	295.99	0.060019	93.9403	15.9651	1.0909	112.0993	2.8097	5.0081	298.0059	102.2845	2.2204e-016	1.0359e-005	80.2588	2.2204e-016
251	8.6025	30.08	0.06705	295.9875	0.059089	94.1196	15.9919	1.0965	112.1385	2.767	5.0085	298.0049	102.4649	2.2204e-016	9.7541e-006	80.4566	2.2204e-016
252	8.6055	30.08	0.0671	295.98	0.058264	93.7175	16.0181	1.1022	112.1776	2.8177	5.0084	298.0042	102.6415	2.2204e-016	9.2996e-006	80.6958	2.2204e-016
253	8.6085	30.075	0.0671	295.975	0.057807	93.7506	16.0439	1.1079	112.2167	2.7654	5.008	298.0033	102.8153	2.2204e-016	8.9957e-006	80.8676	2.2204e-016
254	8.6125	30.065	0.06715	295.9675	0.05732	93.6516	16.0693	1.1137	112.2559	2.8389	5.0074	298.0028	102.9869	2.2204e-016	8.8479e-006	81.031	2.2204e-016
255	8.617	30.05	0.0672	295.9625	0.056988	93.9785	16.0945	1.1194	112.2951	2.702	5.0067	298.0025	103.1567	2.2204e-016	8.7767e-006	81.2055	2.2204e-016
256	8.621	30.035	0.0672	295.96	0.056711	93.6469	16.1194	1.125	112.3343	2.88	5.0061	298.0023	103.3251	2.2204e-016	9.0337e-006	81.4137	2.2204e-016
257	8.6245	30.025	0.06725	295.96	0.056288	93.8314	16.1441	1.1307	112.3735	2.826	5.0058	298.0022	103.4917	2.2204e-016	9.2409e-006	81.6396	2.2204e-016
258	8.628	30.015	0.0672	295.9625	0.055976	93.6925	16.1685	1.1363	112.4128	2.8565	5.0059	298.002	103.6567	2.2204e-016	9.0364e-006	81.8815	2.2204e-016
259	8.631	30.005	0.06725	295.9675	0.055378	93.7734	16.1926	1.1419	112.452	2.7859	5.0059	298.0017	103.8196	2.2204e-016	9.1341e-006	82.0901	2.2204e-016
260	8.633	29.995	0.06735	295.97	0.055008	93.8886	16.2164	1.1475	112.4913	2.7538	5.0062	298.0013	103.9803	2.2204e-016	9.0135e-006	82.3087	2.2204e-016
261	8.636	29.995	0.0674	295.9725	0.054879	93.9452	16.24	1.153	112.5306	2.7551	5.0064	298.0009	104.14	2.2204e-016	8.6653e-006	82.4959	2.2204e-016
262	8.638	30	0.06745	295.975	0.054674	93.5898	16.2634	1.1585	112.57	2.7193	5.0062	298.0006	104.2987	2.2204e-016	8.3335e-006	82.6373	2.2204e-016
263	8.64	30.005	0.0676	295.9725	0.05445	93.6297	16.2867	1.1638	112.6094	2.847	5.0057	298.0006	104.4564	2.2204e-016	8.1525e-006	82.771	2.2204e-016
264	8.643	30.005	0.0677	295.97	0.054547	93.6742	16.31	1.1691	112.649	2.7521	5.0051	298.0009	104.6137	2.2204e-016	8.0752e-006	82.8972	2.2204e-016
265	8.6455	30.005	0.06785	295.9625	0.054594	93.6691	16.3332	1.1742	112.6886	2.9167	5.0043	298.0014	104.7712	2.2204e-016	8.3548e-006	83.0139	2.2204e-016
266	8.647	30.005	0.068	295.955	0.054783	93.8877	16.3565	1.1791	112.7284	2.8144	5.0038	298.0023	104.929	2.2204e-016	8.3038e-006	83.2094	2.2204e-016
267	8.648	30.005	0.0681	295.945	0.055018	93.6757	16.3799	1.1838	112.7683	2.928	5.0033	298.0031	105.0875	2.2204e-016	8.2861e-006	83.3997	2.2204e-016
268	8.648	30.015	0.06825	295.935	0.055108	93.62	16.4033	1.1884	112.8083	2.8527	5.0027	298.0039	105.2465	2.2204e-016	8.6058e-006	83.5695	2.2204e-016
269	8.6485	30.02	0.06845	295.92	0.055306	93.3475	16.4269	1.1927	112.8485	2.7979	5.0024	298.0048	105.4059	2.2204e-016	8.8541e-006	83.7258	2.2204e-016
270	8.6485	30.025	0.0686	295.9025	0.055697	93.6805	16.4505	1.1969	112.8888	2.8695	5.0023	298.0058	105.5665	2.2204e-016	8.7215e-006	83.9066	2.2204e-016
271	8.648	30.025	0.0688	295.8875	0.05599	93.8121	16.4744	1.2009	112.9293	2.9614	5.002	298.0068	105.7284	2.2204e-016	9.1046e-006	84.1541	2.2204e-016
272	8.647	30.025	0.0689	295.875	0.056408	93.8752	16.4984	1.2047	112.97	2.8462	5.0021	298.0075	105.8917	2.2204e-016	9.3398e-006	84.3804	2.2204e-016
273	8.6465	30.03	0.06905	295.8625	0.056539	93.8344	16.5226	1.2083	113.0107	2.8548	5.0024	298.0081	106.0559	2.2204e-016	9.6293e-006	84.6253	2.2204e-016
274	8.645	30.045	0.0692	295.855	0.056728	93.5879	16.5468	1.2118	113.0516	2.9009	5.0029	298.0084	106.2207	2.2204e-016	9.9094e-006	84.9051	2.2204e-016
275	8.643	30.07	0.06935	295.845	0.056931	93.5515	16.5712	1.2152	113.0926	2.9103	5.0038	298.0085	106.3862	2.2204e-016	9.9474e-006	85.1987	2.2204e-016
276	8.641	30.09	0.0696	295.8375	0.057136	93.9087	16.5957	1.2184	113.1338	2.8585	5.0046	298.0081	106.5525	2.2204e-016	9.8135e-006	85.4724	2.2204e-016
277	8.6385	30.1	0.0699	295.83	0.057663	93.2136	16.6203	1.2215	113.1752	2.9241	5.0052	298.0075	106.7204	2.2204e-016	9.5427e-006	85.7054	2.2204e-016
278	8.6355	30.115	0.0703	295.82	0.058462	93.8553	16.6454	1.2243	113.2169	2.8486	5.0053	298.0068	106.8909	2.2204e-016	9.4315e-006	85.909	2.2204e-016
279	8.6325	30.125	0.0706	295.8125	0.059673	93.6488	16.6711	1.2267	113.259	2.8864	5.005	298.0062	107.0657	2.2204e-016	9.5865e-006	86.1224	2.2204e-016
280	8.63	30.13	0.0708	295.81	0.060698	93.4367	16.6974	1.2287	113.3014	2.9678	5.0046	298.0058	107.245	2.2204e-016	9.6854e-006	86.3148	2.2204e-016
281	8.6265	30.13	0.07095	295.8075	0.061333	93.6797	16.7242	1.2305	113.344	2.9596	5.0041	298.0055	107.4275	2.2204e-016	9.7696e-006	86.5083	2.2204e-016
282	8.624	30.125	0.07105	295.8075	0.061673	93.4334	16.7512	1.2322	113.3867	2.9964	5.0036	298.0054	107.6118	2.2204e-016	1.0127e-005	86.7954	2.2204e-016
283	8.621	30.12	0.07105	295.81	0.061747	93.7641	16.7784	1.2338	113.4295	2.9483	5.0034	298.0051	107.7967	2.2204e-016	1.0429e-005	87.0449	2.2204e-016
284	8.6175	30.115	0.07115	295.8125	0.061405	93.8562	16.8054	1.2355	113.4723	2.9619	5.0037	298.0048	107.9808	2.2204e-016	1.0433e-005	87.292	2.2204e-016
285	8.614	30.11	0.07125	295.82	0.061241	93.8346	16.8322	1.2373	113.5152	2.8793	5.004	298.0045	108.1637	2.2204e-016	1.0063e-005	87.5776	2.2204e-016
286	8.611	30.1	0.07135	295.8275	0.06114	93.5052	16.8589	1.2391	113.5582	2.948	5.0039	298.0039	108.3459	2.2204e-016	1.0098e-005	87.8054	2.2204e-016
287	8.609	30.095	0.07145	295.8375	0.061064	93.3696	16.8855	1.241	113.6013	2.9617	5.004	298.0034	108.5276	2.2204e-016	1.0114e-005	88.0552	2.2204e-016
288	8.6075	30.08	0.0715	295.8475	0.060996	93.3611	16.912	1.2429	113.6444	2.9213	5.004	298.0029	108.7089	2.2204e-016	9.6625e-006	88.314	2.2204e-016
289	8.6065	30.065	0.0716	295.8625	0.060775	93.3186	16.9385	1.2448	113.6876	3.0282	5.0036	298.0024	108.8893	2.2204e-016	9.2492e-006	88.5736	2.2204e-016
290	8.6055	30.05	0.0717	295.88	0.06067	93.3782	16.9647	1.2468	113.7309	3.0225	5.0028	298.0017	109.0689	2.2204e-016	9.363e-006	88.795	2.2204e-016
291	8.605	30.04	0.07175	295.8975	0.060606	93.0979	16.9909	1.2489	113.7743	2.9205	5.0022	298.0012	109.2478	2.2204e-016	9.1686e-006	88.9908	2.2204e-016
292	8.604	30.035	0.0719	295.915	0.060398	93.5407	17.0169	1.2509	113.8177	2.8786	5.0014	298.0008	109.426	2.2204e-016	8.856e-006	89.2359	2.2204e-016
293	8.602	30.035	0.0721	295.9325	0.060465	93.5622	17.0429	1.253	113.8613	2.8558	5.0002	298.0005	109.6037	2.2204e-016	8.7041e-006	89.5043	2.2204e-016
294	8.601	30.025	0.0723	295.945	0.060789	93.4102	17.069	1.255	113.905	2.9622	4.9989	298	109.782	2.2204e-016	8.4061e-006	89.6899	2.2204e-016
295	8.5995	30.01	0.07245	295.955	0.061204	93.2831	17.0952	1.2569	113.9489	2.9055	4.9971	297.9997	109.9616	2.2204e-016	8.3987e-006	89.8788	2.2204e-016
296	8.5975	30	0.07255	295.96	0.061492	93.4192	17.1216	1.2587	113.993	2.9221	4.9952	297.9997	110.1424	2.2204e-016	8.5574e-006	90.0454	2.2204e-016
297	8.5965	30	0.07255	295.9675	0.061574	93.299	17.148	1.2604	114.0372	3.037	4.9936	297.9999	110.3237	2.2204e-016	8.9283e-006	90.2518	2.2204e-016
298	8.5965	29.99	0.0725	295.975	0.061262	93.3414	17.1743	1.2622	114.0813	2.9154	4.9923	298.0003	110.5041	2.2204e-016	9.1802e-006	90.4854	2.2204e-016
299	8.5965	29.985	0.07255	295.9775	0.06065	93.4916	17.2003	1.2642	114.1254	2.9925	4.9916	298.0007	110.6822	2.2204e-016	9.1631e-006	90.7296	2.2204e-016
300	8.597	29.99	0.0727	295.9775	0.060252	93.492	17.2259	1.2663	114.1696	2.9397	4.9909	298.0009	110.858	2.2204e-016	9.207e-006	91.0006	2.2204e-016
301	8.5985	29.99	0.07295	295.98	0.060248	93.1538	17.2514	1.2684	114.2138	2.9065	4.9904	298.001	111.0329	2.2204e-016	9.2873e-006	91.2622	2.2204e-016
302	8.599	29.985	0.07325	295.98	0.060698	93.5275	17.277	1.2705	114.2583	3.053	4.9898	298.0009	111.2086	2.2204e-016	9.3842e-006	91.4831	2.2204e-016
303	8.6005	29.985	0.0736	295.9825	0.061461	93.2386	17.3029	1.2723	114.3031	3.0401	4.9893	298.0008	111.3867	2.2204e-016	9.4609e-006	91.7375	2.2204e-016
304	8.602	29.98	0.07385	295.985	0.062486	93.1164	17.3294	1.2739	114.3483	3.0345	4.9886	298.0007	111.5685	2.2204e-016	9.4794e-006	91.976	2.2204e-016
305	8.6035	29.975	0.07415	295.9825	0.063277	92.8539	17.3563	1.2752	114.3936	3.0061	4.9877	298.0006	111.7539	2.2204e-016	9.8528e-006	92.1599	2.2204e-016
306	8.6055	29.98	0.07445	295.9825	0.064141	93.0506	17.3838	1.2762	114.4393	2.9965	4.987	298.0007	111.9426	2.2204e-016	1.0274e-005	92.3729	2.2204e-016
307	8.6065	29.98	0.07475	295.985	0.065017	93.2735	17.4117	1.2771	114.4853	3.0046	4.9866	298.001	112.1347	2.2204e-016	1.0463e-005	92.6022	2.2204e-016
308	8.6075	29.99	0.07505	295.985	0.065889	93.1275	17.4401	1.2776	114.5315	3.0556	4.9862	298.0014	112.3304	2.2204e-016	1.0994e-005	92.83	2.2204e-016
309	8.6075	30	0.07525	295.9825	0.066749	92.9127	17.4691	1.278	114.578	3.0123	4.9861	298.0018	112.5295	2.2204e-016	1.162e-005	93.0886	2.2204e-016
310	8.6075	30.015	0.0754	295.98	0.067274	93.3892	17.4984	1.2783	114.6248	2.9717	4.9866	298.0023	112.7313	2.2204e-016	1.1989e-005	93.4326	2.2204e-016
311	8.6075	30.035	0.07555	295.98	0.067515	93.4834	17.5279	1.2785	114.6716	2.9731	4.9874	298.0023	112.9345	2.2204e-016	1.216e-005	93.7597	2.2204e-016
312	8.608	30.05	0.0756	295.98	0.067655	93.1635	17.5574	1.2787	114.7186	3.1132	4.9883	298.0022	113.1385	2.2204e-016	1.2549e-005	94.0396	2.2204e-016
313	8.609	30.06	0.0756	295.98	0.067437	93.2469	17.587	1.2791	114.7656	3.0366	4.9897	298.0019	113.3421	2.2204e-016	1.2602e-005	94.3044	2.2204e-016
314	8.609	30.075	0.0756	295.985	0.066938	93.4125	17.6162	1.2796	114.8127	2.9365	4.9913	298.0018	113.544	2.2204e-016	1.274e-005	94.5881	2.2204e-016
315	8.6095	30.09	0.0757	295.9925	0.066341	93.0877	17.6451	1.2804	114.8597	3.0074	4.9931	298.0015	113.7436	2.2204e-016	1.2627e-005	94.8366	2.2204e-016
316	8.611	30.11	0.07575	296.0025	0.066028	93.0469	17.6738	1.2813	114.9068	3.0216	4.995	298.0014	113.9413	2.2204e-016	1.2183e-005	95.1109	2.2204e-016
317	8.612	30.12	0.07585	296.0075	0.065661	93.2702	17.7022	1.2824	114.9539	3.0784	4.9965	298.0012	114.1375	2.2204e-016	1.1808e-005	95.3416	2.2204e-016
318	8.6125	30.135	0.0759	296.01	0.065441	93.1385	17.7304	1.2837	115.0011	3.1404	4.9976	298.0011	114.3324	2.2204e-016	1.1779e-005	95.6064	2.2204e-016
319	8.6125	30.15	0.0759	296.015	0.065116	93.0802	17.7584	1.285	115.0484	3.1363	4.9988	298.0011	114.526	2.2204e-016	1.1618e-005	95.8789	2.2204e-016
320	8.6115	30.155	0.0758	296.0175	0.064599	93.0797	17.7861	1.2865	115.0957	3.055	4.9999	298.0009	114.7177	2.2204e-016	1.1417e-005	96.1336	2.2204e-016
321	8.61	30.17	0.07565	296.0175	0.063707	93.1664	17.8133	1.2883	115.1428	3.048	5.001	298.0008	114.9062	2.2204e-016	1.143e-005	96.4059	2.2204e-016
322	8.6095	30.19	0.07555	296.0175	0.06253	93.3354	17.8399	1.2905	115.1898	3.0958	5.0024	298.0006	115.0902	2.2204e-016	1.0941e-005	96.633	2.2204e-016
323	8.6085	30.2	0.07545	296.0125	0.061418	93.2313	17.8658	1.293	115.2366	3.1116	5.0035	298.0004	115.2692	2.2204e-016	1.0517e-005	96.8916	2.2204e-016
324	8.6075	30.215	0.07545	296.005	0.060338	93.3702	17.8909	1.2958	115.2834	3.0985	5.0045	298.0002	115.4434	2.2204e-016	1.0554e-005	97.1446	2.2204e-016
325	8.606	30.225	0.0754	296	0.05959	93.3538	17.9155	1.2989	115.3301	3.0816	5.0058	297.9999	115.6137	2.2204e-016	1.0273e-005	97.3995	2.2204e-016
326	8.604	30.225	0.0754	295.9925	0.058802	93.1867	17.9395	1.3023	115.3768	3.0387	5.0069	297.9995	115.7806	2.2204e-016	9.6366e-006	97.6147	2.2204e-016
327	8.603	30.22	0.0754	295.9825	0.058169	93.0659	17.9631	1.3058	115.4235	3.0371	5.0076	297.9992	115.9443	2.2204e-016	9.5904e-006	97.8563	2.2204e-016
328	8.6025	30.205	0.0754	295.975	0.057594	93.0218	17.9863	1.3094	115.4702	3.0847	5.0083	297.9987	116.1053	2.2204e-016	9.364e-006	98.0591	2.2204e-016
329	8.603	30.19	0.07545	295.965	0.057043	93.2171	18.0091	1.3132	115.5168	3.0504	5.009	297.9984	116.2638	2.2204e-016	8.9356e-006	98.2731	2.2204e-016
330	8.6035	30.17	0.0756	295.9575	0.056667	93.2938	18.0317	1.317	115.5635	3.0284	5.0093	297.9981	116.4203	2.2204e-016	8.6726e-006	98.4302	2.2204e-016
331	8.604	30.145	0.07575	295.945	0.056677	93.1928	18.0541	1.3208	115.6103	3.1099	5.0093	297.998	116.5759	2.2204e-016	8.4693e-006	98.586	2.2204e-016
332	8.6045	30.115	0.076	295.935	0.056826	93.2056	18.0765	1.3245	115.6573	3.0054	5.0091	297.9981	116.7317	2.2204e-016	8.2797e-006	98.7717	2.2204e-016
333	8.605	30.085	0.07625	295.925	0.057344	92.9598	18.0991	1.328	115.7045	3.1077	5.0086	297.9983	116.8889	2.2204e-016	8.3406e-006	98.9247	2.2204e-016
334	8.6065	30.055	0.07655	295.9125	0.057991	92.9252	18.122	1.3312	115.7519	3.1645	5.0081	297.9987	117.0485	2.2204e-016	8.381e-006	99.1382	2.2204e-016
335	8.6085	30.02	0.0768	295.9025	0.058838	92.6621	18.1453	1.3341	115.7997	3.1096	5.0073	297.999	117.2111	2.2204e-016	8.4209e-006	99.38	2.2204e-016
336	8.6095	29.975	0.07715	295.8925	0.059591	93.3192	18.1692	1.3367	115.8476	3.0697	5.0065	297.9993	117.377	2.2204e-016	8.8533e-006	99.6162	2.2204e-016
337	8.61	29.935	0.0775	295.885	0.06062	92.8382	18.1935	1.3389	115.8959	3.0833	5.0058	297.9995	117.5466	2.2204e-016	9.1906e-006	99.8749	2.2204e-016
338	8.6105	29.9	0.07795	295.88	0.061733	93.044	18.2185	1.3407	115.9446	3.1202	5.0053	297.9995	117.7206	2.2204e-016	9.2979e-006	100.1058	2.2204e-016
339	8.612	29.865	0.07835	295.875	0.063182	93.1681	18.2442	1.3421	115.9937	3.1066	5.0046	297.9996	117.9	2.2204e-016	9.6565e-006	100.3342	2.2204e-016
340	8.6145	29.835	0.0788	295.8725	0.064577	92.9407	18.2708	1.343	116.0431	3.0695	5.0039	297.9997	118.0854	2.2204e-016	1.0267e-005	100.5718	2.2204e-016
341	8.6165	29.8	0.0792	295.87	0.066093	92.6295	18.2982	1.3435	116.093	3.1829	5.0035	297.9999	118.2768	2.2204e-016	1.038e-005	100.7744	2.2204e-016
342	8.618	29.765	0.07955	295.8675	0.067481	92.5615	18.3265	1.3436	116.1433	3.1979	5.0028	298.0003	118.4743	2.2204e-016	1.1002e-005	101.0294	2.2204e-016
343	8.6195	29.74	0.0799	295.87	0.068653	93.0676	18.3555	1.3433	116.194	3.1304	5.0025	298.0007	118.677	2.2204e-016	1.1554e-005	101.2398	2.2204e-016
344	8.6205	29.715	0.0802	295.8775	0.069736	92.6588	18.3852	1.3428	116.2449	3.1929	5.0026	298.0014	118.8843	2.2204e-016	1.1501e-005	101.4403	2.2204e-016
345	8.6225	29.695	0.0805	295.885	0.070624	92.8483	18.4155	1.3421	116.2962	3.1389	5.0024	298.0024	119.0957	2.2204e-016	1.1728e-005	101.7001	2.2204e-016
346	8.6245	29.68	0.08075	295.8925	0.07144	92.9373	18.4462	1.3413	116.3477	3.2458	5.0021	298.0034	119.3105	2.2204e-016	1.2197e-005	102.0068	2.2204e-016
347	8.626	29.67	0.08095	295.9	0.072066	92.9839	18.4773	1.3403	116.3995	3.098	5.0023	298.0042	119.5281	2.2204e-016	1.218e-005	102.2558	2.2204e-016
348	8.6265	29.67	0.08115	295.9075	0.072467	92.7975	18.5087	1.3394	116.4514	3.0991	5.0023	298.0052	119.7477	2.2204e-016	1.2222e-005	102.613	2.2204e-016
349	8.626	29.665	0.0814	295.9175	0.07279	92.813	18.5403	1.3384	116.5036	3.224	5.0022	298.0059	119.9687	2.2204e-016	1.2216e-005	102.9128	2.2204e-016
350	8.6255	29.655	0.08155	295.925	0.073241	92.7157	18.572	1.3375	116.556	3.2199	5.0021	298.0065	120.1911	2.2204e-016	1.2187e-005	103.222	2.2204e-016
351	8.6255	29.645	0.08165	295.9375	0.073423	92.7205	18.6039	1.3366	116.6085	3.1835	5.0019	298.0071	120.4147	2.2204e-016	1.2511e-005	103.5229	2.2204e-016
352	8.6255	29.64	0.08165	295.945	0.073357	92.602	18.6358	1.3358	116.6611	3.2336	5.002	298.0077	120.6382	2.2204e-016	1.2579e-005	103.8	2.2204e-016
353	8.6255	29.63	0.08165	295.9525	0.072893	92.5792	18.6675	1.3352	116.7137	3.2918	5.0023	298.0083	120.8603	2.2204e-016	1.2313e-005	104.1403	2.2204e-016
354	8.6245	29.62	0.0816	295.9575	0.072297	92.6371	18.6988	1.3349	116.7662	3.1603	5.0024	298.0088	121.0798	2.2204e-016	1.2031e-005	104.426	2.2204e-016
355	8.623	29.615	0.0815	295.96	0.071509	92.5844	18.7296	1.335	116.8188	3.146	5.0025	298.0092	121.2962	2.2204e-016	1.1974e-005	104.7057	2.2204e-016
356	8.6225	29.615	0.0813	295.965	0.070503	92.6732	18.7598	1.3354	116.8711	3.3405	5.0027	298.0097	121.5085	2.2204e-016	1.172e-005	104.9898	2.2204e-016
357	8.623	29.62	0.08115	295.9725	0.069116	92.7559	18.7893	1.3362	116.9233	3.1745	5.003	298.0101	121.7154	2.2204e-016	1.1196e-005	105.2253	2.2204e-016
358	8.623	29.62	0.0809	295.98	0.067762	92.6669	18.8178	1.3376	116.9753	3.0689	5.003	298.0107	121.9162	2.2204e-016	1.0642e-005	105.4315	2.2204e-016
359	8.6225	29.62	0.08075	295.9875	0.066117	92.823	18.8454	1.3394	117.0271	3.2422	5.0029	298.0116	122.1102	2.2204e-016	1.0359e-005	105.6861	2.2204e-016
360	8.6215	29.625	0.08065	295.995	0.06469	92.6308	18.872	1.3418	117.0787	3.1529	5.0029	298.0124	122.2974	2.2204e-016	9.6061e-006	105.9261	2.2204e-016
361	8.6215	29.63	0.0806	296	0.063504	92.8958	18.8978	1.3446	117.1302	3.205	5.0024	298.0132	122.4787	2.2204e-016	9.1826e-006	106.1886	2.2204e-016
362	8.621	29.635	0.0805	296.0025	0.062568	92.5003	18.9228	1.3477	117.1816	3.1808	5.0017	298.0138	122.6553	2.2204e-016	8.7696e-006	106.4578	2.2204e-016
363	8.62	29.63	0.08045	296	0.06157	92.6989	18.9473	1.3512	117.2328	3.2118	5.0008	298.0143	122.8274	2.2204e-016	8.5565e-006	106.7707	2.2204e-016
364	8.6195	29.625	0.0804	295.9925	0.060713	92.4449	18.9711	1.3548	117.2841	3.2817	5	298.0145	122.9952	2.2204e-016	8.4893e-006	107.1153	2.2204e-016
365	8.6185	29.625	0.08035	295.985	0.059907	92.5379	18.9943	1.3587	117.3352	3.2731	4.9993	298.0142	123.1592	2.2204e-016	8.431e-006	107.4046	2.2204e-016
366	8.617	29.625	0.08025	295.975	0.059121	92.5087	19.017	1.3628	117.3863	3.2052	4.9988	298.0136	123.3195	2.2204e-016	8.4225e-006	107.6909	2.2204e-016
367	8.6155	29.63	0.08025	295.9625	0.058184	92.7555	19.0392	1.3671	117.4373	3.1708	4.9986	298.0129	123.4759	2.2204e-016	8.1529e-006	107.9986	2.2204e-016
368	8.6145	29.63	0.08025	295.95	0.057513	92.6174	19.0608	1.3717	117.4883	3.3723	4.9982	298.0118	123.6285	2.2204e-016	7.7855e-006	108.1641	2.2204e-016
369	8.614	29.635	0.08015	295.9375	0.056943	92.5354	19.082	1.3763	117.5393	3.2671	4.9977	298.011	123.7783	2.2204e-016	7.7679e-006	108.3433	2.2204e-016
370	8.6135	29.65	0.08015	295.9225	0.056096	92.6875	19.1027	1.3811	117.5901	3.1621	4.9973	298.0104	123.9247	2.2204e-016	7.6628e-006	108.5551	2.2204e-016
371	8.6125	29.665	0.0802	295.905	0.055467	92.6627	19.1229	1.386	117.641	3.2897	4.997	298.0097	124.0678	2.2204e-016	7.2805e-006	108.7667	2.2204e-016
372	8.6115	29.685	0.0803	295.8925	0.05508	92.6001	19.1428	1.391	117.6919	3.2633	4.9964	298.0091	124.2086	2.2204e-016	6.9434e-006	108.978	2.2204e-016
373	8.6105	29.715	0.0804	295.88	0.054946	92.4531	19.1625	1.3959	117.7429	3.2458	4.9956	298.0084	124.348	2.2204e-016	7.1495e-006	109.1377	2.2204e-016
374	8.61	29.75	0.08045	295.87	0.054905	92.7775	19.1821	1.4007	117.7939	3.2968	4.995	298.0079	124.4869	2.2204e-016	7.4509e-006	109.2854	2.2204e-016
375	8.6095	29.785	0.08055	295.8575	0.054734	92.6815	19.2016	1.4055	117.845	3.2312	4.9947	298.0076	124.6251	2.2204e-016	7.5948e-006	109.4222	2.2204e-016
376	8.608	29.825	0.0807	295.8425	0.054671	92.7605	19.221	1.4101	117.8962	3.2584	4.9947	298.0076	124.7627	2.2204e-016	7.6494e-006	109.6024	2.2204e-016
377	8.6055	29.855	0.08075	295.8225	0.054805	92.8748	19.2404	1.4146	117.9475	3.1755	4.9947	298.0076	124.9003	2.2204e-016	7.8562e-006	109.8561	2.2204e-016
378	8.604	29.885	0.08085	295.805	0.054691	92.426	19.2597	1.419	117.9989	3.2834	4.995	298.0073	125.0379	2.2204e-016	8.0965e-006	110.1639	2.2204e-016
379	8.6025	29.915	0.08085	295.7875	0.054641	92.6806	19.279	1.4233	118.0503	3.2691	4.9955	298.0066	125.1749	2.2204e-016	7.9676e-006	110.4271	2.2204e-016
380	8.601	29.935	0.0808	295.77	0.054298	92.4218	19.2982	1.4276	118.1018	3.1237	4.996	298.0057	125.311	2.2204e-016	8.2139e-006	110.7234	2.2204e-016
381	8.599	29.95	0.0808	295.755	0.053689	92.5826	19.317	1.432	118.1532	3.1305	4.9969	298.0045	125.4448	2.2204e-016	8.25e-006	110.9918	2.2204e-016
382	8.5977	29.9675	0.080875	295.7437	0.053138	92.6488	19.3355	1.4365	118.2045	3.3304	4.998	298.003	125.5759	2.2204e-016	7.8649e-006	111.2378	2.2204e-016
383	8.597	29.995	0.08085	295.7375	0.052852	92.3854	19.3536	1.441	118.256	3.243	4.9987	298.0014	125.7052	2.2204e-016	7.442e-006	111.3983	2.2204e-016
384	8.5962	30.0275	0.080775	295.7362	0.052352	92.4012	19.3715	1.4456	118.3074	3.2817	4.9992	298	125.8326	2.2204e-016	7.4562e-006	111.4719	2.2204e-016
385	8.595	30.055	0.0807	295.7375	0.051619	92.6704	19.389	1.4503	118.3587	3.2247	4.9998	297.9992	125.9572	2.2204e-016	7.1613e-006	111.6021	2.2204e-016
386	8.5942	30.0825	0.080725	295.7413	0.050803	92.6486	19.406	1.4552	118.4099	3.2897	5.0003	297.9985	126.0783	2.2204e-016	6.5414e-006	111.6508	2.2204e-016
387	8.5935	30.105	0.0807	295.75	0.050283	92.7909	19.4226	1.4602	118.4611	3.2393	5.0003	297.9984	126.1962	2.2204e-016	6.4324e-006	111.67	2.2204e-016
388	8.5932	30.1225	0.080675	295.7588	0.04972	92.3137	19.4387	1.4653	118.5123	3.3905	5.0003	297.9989	126.3117	2.2204e-016	6.5987e-006	111.8142	2.2204e-016
389	8.593	30.145	0.08075	295.77	0.04914	92.733	19.4545	1.4705	118.5635	3.3479	5.0007	297.9994	126.4245	2.2204e-016	6.565e-006	111.9708	2.2204e-016
390	8.5927	30.1575	0.080775	295.7863	0.048874	92.7168	19.4701	1.4757	118.6147	3.1768	5.0012	297.9998	126.5354	2.2204e-016	6.4156e-006	112.0945	2.2204e-016
391	8.5925	30.165	0.0808	295.8025	0.048568	92.8824	19.4854	1.4808	118.666	3.3962	5.0016	298.0004	126.6449	2.2204e-016	6.2353e-006	112.2632	2.2204e-016
392	8.5927	30.1625	0.080875	295.8138	0.048251	92.6221	19.5005	1.486	118.7172	3.3015	5.0018	298.0008	126.7529	2.2204e-016	6.3302e-006	112.4521	2.2204e-016
393	8.593	30.15	0.08095	295.825	0.04809	92.6549	19.5155	1.491	118.7685	3.3318	5.0023	298.0011	126.8598	2.2204e-016	5.991e-006	112.6882	2.2204e-016
394	8.5932	30.1275	0.081075	295.8388	0.04799	92.6197	19.5303	1.496	118.8199	3.3762	5.0024	298.001	126.9661	2.2204e-016	5.6955e-006	112.9371	2.2204e-016
395	8.5935	30.11	0.08125	295.8575	0.048078	92.4473	19.5452	1.5008	118.8714	3.3421	5.0022	298.0006	127.0722	2.2204e-016	5.4233e-006	113.1849	2.2204e-016
396	8.5947	30.0825	0.081425	295.8763	0.0484	92.6767	19.5601	1.5054	118.923	3.3885	5.0017	297.9999	127.1792	2.2204e-016	5.3754e-006	113.3367	2.2204e-016
397	8.5965	30.06	0.08165	295.9	0.04881	92.3297	19.5752	1.5097	118.9748	3.271	5.001	297.9992	127.2877	2.2204e-016	5.5998e-006	113.4417	2.2204e-016
398	8.5977	30.0375	0.081925	295.9212	0.049409	92.4202	19.5907	1.5137	119.0269	3.2565	5.0004	297.9988	127.3983	2.2204e-016	5.89e-006	113.5083	2.2204e-016
399	8.5985	30.015	0.08225	295.945	0.050231	92.5648	19.6065	1.5172	119.0791	3.3473	5	297.9988	127.512	2.2204e-016	6.0907e-006	113.5321	2.2204e-016
